      Time (s)  Voltage (V)
0       0.0000     1.074219
1       0.0025     1.088867
2       0.0050     1.137695
3       0.0075     1.157227
4       0.0100     1.118164
5       0.0125     1.123047
6       0.0150     1.093750
7       0.0175     1.108398
8       0.0200     1.093750
9       0.0225     1.074219
10      0.0250     1.069336
11      0.0275     1.054687
12      0.0300     1.049805
13      0.0325     1.049805
14      0.0350     1.049805
15      0.0375     1.093750
16      0.0400     1.147461
17      0.0425     1.162109
18      0.0450     1.176758
19      0.0475     0.922399
20      0.0500     1.157227
21      0.0525     1.147461
22      0.0550     1.147461
23      0.0575     1.113281
24      0.0600     1.083984
25      0.0625     1.074219
26      0.0650     1.049805
27      0.0675     1.054687
28      0.0700     1.035156
29      0.0725     1.030273
30      0.0750     1.059570
31      0.0775     1.098633
32      0.0800     1.147461
33      0.0825     1.157227
34      0.0850     1.176758
35      0.0875     1.152344
36      0.0900     1.127930
37      0.0925     1.123047
38      0.0950     1.118164
39      0.0975     1.103516
40      0.1000     1.069336
41      0.1025     1.049805
42      0.1050     1.030273
43      0.1075     1.030273
44      0.1100     1.054687
45      0.1125     1.074219
46      0.1150     1.098633
47      0.1175     1.113281
48      0.1200     1.118164
49      0.1225     1.127930
50      0.1250     1.123047
51      0.1275     1.127930
52      0.1300     1.113281
53      0.1325     1.098633
54      0.1350     1.083984
55      0.1375     1.108398
56      0.1400     1.118164
57      0.1425     1.127930
58      0.1450     1.123047
59      0.1475     1.127930
60      0.1500     1.113281
61      0.1525     1.127930
62      0.1550     1.118164
63      0.1575     1.093750
64      0.1600     1.103516
65      0.1625     1.088867
66      0.1650     1.069336
67      0.1675     1.113281
68      0.1700     1.103516
69      0.1725     1.113281
70      0.1750     1.127930
71      0.1775     1.142578
72      0.1800     1.127930
73      0.1825     1.123047
74      0.1850     1.108398
75      0.1875     1.123047
76      0.1900     1.123047
77      0.1925     1.108398
78      0.1950     1.108398
79      0.1975     1.118164
80      0.2000     1.083984
81      0.2025     1.093750
82      0.2050     1.108398
83      0.2075     1.127930
84      0.2100     1.142578
85      0.2125     1.142578
86      0.2150     1.113281
87      0.2175     1.088867
88      0.2200     1.074219
89      0.2225     1.064453
90      0.2250     1.108398
91      0.2275     1.127930
92      0.2300     0.941688
93      0.2325     0.916006
94      0.2350     1.064453
95      0.2375     1.049805
96      0.2400     1.074219
97      0.2425     1.088867
98      0.2450     1.088867
99      0.2475     1.108398
100     0.2500     1.088867
101     0.2525     1.108398
102     0.2550     1.113281
103     0.2575     1.137695
104     0.2600     1.152344
105     0.2625     1.166992
106     0.2650     1.162109
107     0.2675     0.935106
108     0.2700     1.108398
109     0.2725     1.074219
110     0.2750     1.064453
111     0.2775     1.049805
112     0.2800     1.035156
113     0.2825     1.040039
114     0.2850     0.894851
115     0.2875     1.098633
116     0.2900     1.127930
117     0.2925     1.123047
118     0.2950     1.142578
119     0.2975     1.157227
120     0.3000     1.152344
121     0.3025     1.157227
122     0.3050     1.147461
123     0.3075     1.108398
124     0.3100     1.113281
125     0.3125     1.069336
126     0.3150     1.044922
127     0.3175     1.044922
128     0.3200     1.030273
129     0.3225     1.020508
130     0.3250     1.044922
131     0.3275     1.088867
132     0.3300     1.113281
133     0.3325     1.108398
134     0.3350     1.113281
135     0.3375     1.247640
136     0.3400     1.127930
137     0.3425     1.147461
138     0.3450     1.147461
139     0.3475     1.147461
140     0.3500     1.127930
141     0.3525     1.123047
142     0.3550     1.098633
143     0.3575     1.074219
144     0.3600     1.079102
145     0.3625     1.074219
146     0.3650     1.079102
147     0.3675     1.098633
148     0.3700     1.074219
149     0.3725     1.074219
150     0.3750     1.088867
151     0.3775     0.949015
152     0.3800     1.142578
153     0.3825     1.132812
154     0.3850     1.118164
155     0.3875     1.127930
156     0.3900     1.113281
157     0.3925     1.083984
158     0.3950     1.049805
159     0.3975     1.015625
160     0.4000     1.015625
161     0.4025     1.040039
162     0.4050     1.079102
163     0.4075     1.123047
164     0.4100     1.157227
165     0.4125     1.171875
166     0.4150     1.166992
167     0.4175     1.152344
168     0.4200     1.137695
169     0.4225     1.142578
170     0.4250     1.118164
171     0.4275     1.113281
172     0.4300     1.093750
173     0.4325     1.010742
174     0.4350     0.996094
175     0.4375     1.005859
176     0.4400     1.044922
177     0.4425     1.088867
178     0.4450     1.127930
179     0.4475     1.127930
180     0.4500     1.142578
181     0.4525     1.137695
182     0.4550     1.142578
183     0.4575     1.132812
184     0.4600     1.108398
185     0.4625     1.123047
186     0.4650     1.093750
187     0.4675     1.079102
188     0.4700     1.088867
189     0.4725     1.059570
190     0.4750     1.059570
191     0.4775     1.069336
192     0.4800     1.074219
193     0.4825     1.098633
194     0.4850     1.098633
195     0.4875     1.108398
196     0.4900     1.079102
197     0.4925     1.054687
198     0.4950     1.069336
199     0.4975     1.088867
200     0.5000     1.142578
201     0.5025     1.157227
202     0.5050     1.157227
203     0.5075     1.147461
204     0.5100     1.123047
205     0.5125     1.260122
206     0.5150     1.098633
207     0.5175     1.083984
208     0.5200     1.059570
209     0.5225     1.054687
210     0.5250     1.044922
211     0.5275     1.035156
212     0.5300     1.049805
213     0.5325     1.088867
214     0.5350     1.074219
215     0.5375     1.123047
216     0.5400     1.152344
217     0.5425     1.123047
218     0.5450     1.147461
219     0.5475     1.147461
220     0.5500     1.152344
221     0.5525     1.166992
222     0.5550     1.142578
223     0.5575     1.123047
224     0.5600     1.088867
225     0.5625     1.083984
226     0.5650     1.074219
227     0.5675     1.054687
228     0.5700     1.049805
229     0.5725     1.064453
230     0.5750     1.074219
231     0.5775     1.108398
232     0.5800     1.137695
233     0.5825     1.132812
234     0.5850     1.123047
235     0.5875     1.113281
236     0.5900     1.113281
237     0.5925     1.113281
238     0.5950     1.103516
239     0.5975     1.113281
240     0.6000     1.074219
241     0.6025     1.049805
242     0.6050     1.030273
243     0.6075     1.020508
244     0.6100     1.074219
245     0.6125     0.947020
246     0.6150     1.127930
247     0.6175     1.147461
248     0.6200     1.127930
249     0.6225     1.132812
250     0.6250     1.098633
251     0.6275     1.103516
252     0.6300     1.123047
253     0.6325     1.088867
254     0.6350     1.083984
255     0.6375     1.049805
256     0.6400     1.010742
257     0.6425     1.015625
258     0.6450     0.946884
259     0.6475     1.274807
260     0.6500     1.147461
261     0.6525     1.176758
262     0.6550     1.171875
263     0.6575     1.157227
264     0.6600     1.137695
265     0.6625     1.123047
266     0.6650     1.127930
267     0.6675     1.137695
268     0.6700     1.113281
269     0.6725     1.108398
270     0.6750     1.083984
271     0.6775     1.064453
272     0.6800     1.035156
273     0.6825     1.049805
274     0.6850     1.079102
275     0.6875     1.083984
276     0.6900     1.098633
277     0.6925     1.108398
278     0.6950     1.083984
279     0.6975     1.098633
280     0.7000     1.118164
281     0.7025     1.118164
282     0.7050     1.127930
283     0.7075     1.123047
284     0.7100     1.123047
285     0.7125     1.127930
286     0.7150     1.103516
287     0.7175     1.088867
288     0.7200     1.079102
289     0.7225     1.074219
290     0.7250     1.093750
291     0.7275     1.137695
292     0.7300     1.123047
293     0.7325     1.152344
294     0.7350     1.142578
295     0.7375     1.088867
296     0.7400     1.088867
297     0.7425     1.088867
298     0.7450     1.074219
299     0.7475     1.093750
300     0.7500     1.074219
301     0.7525     1.054687
302     0.7550     1.040039
303     0.7575     1.030273
304     0.7600     1.074219
305     0.7625     1.098633
306     0.7650     1.113281
307     0.7675     1.132812
308     0.7700     1.108398
309     0.7725     1.088867
310     0.7750     1.098633
311     0.7775     1.054687
312     0.7800     1.040039
313     0.7825     1.054687
314     0.7850     1.279792
315     0.7875     1.069336
316     0.7900     1.069336
317     0.7925     1.069336
318     0.7950     1.103516
319     0.7975     1.137695
320     0.8000     1.157227
321     0.8025     1.171875
322     0.8050     1.176758
323     0.8075     1.171875
324     0.8100     1.147461
325     0.8125     1.123047
326     0.8150     1.088867
327     0.8175     1.059570
328     0.8200     1.059570
329     0.8225     1.074219
330     0.8250     1.093750
331     0.8275     1.098633
332     0.8300     1.069336
333     0.8325     1.074219
334     0.8350     1.118164
335     0.8375     1.123047
336     0.8400     1.157227
337     0.8425     1.166992
338     0.8450     1.127930
339     0.8475     1.113281
340     0.8500     1.079102
341     0.8525     1.064453
342     0.8550     1.083984
343     0.8575     1.059570
344     0.8600     1.083984
345     0.8625     1.098633
346     0.8650     1.069336
347     0.8675     1.074219
348     0.8700     1.069336
349     0.8725     1.074219
350     0.8750     1.137695
351     0.8775     1.142578
352     0.8800     1.118164
353     0.8825     1.088867
354     0.8850     1.054687
355     0.8875     1.054687
356     0.8900     1.049805
357     0.8925     1.302420
358     0.8950     1.166992
359     0.8975     1.181641
360     0.9000     1.186523
361     0.9025     1.157227
362     0.9050     1.137695
363     0.9075     1.127930
364     0.9100     1.113281
365     0.9125     1.079102
366     0.9150     1.079102
367     0.9175     1.030273
368     0.9200     1.035156
369     0.9225     1.054687
370     0.9250     1.059570
371     0.9275     1.088867
372     0.9300     1.123047
373     0.9325     1.147461
374     0.9350     1.157227
375     0.9375     1.166992
376     0.9400     1.162109
377     0.9425     1.108398
378     0.9450     1.083984
379     0.9475     1.059570
380     0.9500     1.049805
381     0.9525     1.069336
382     0.9550     1.083984
383     0.9575     1.098633
384     0.9600     1.088867
385     0.9625     1.079102
386     0.9650     1.098633
387     0.9675     1.113281
388     0.9700     1.147461
389     0.9725     1.152344
390     0.9750     1.132812
391     0.9775     1.103516
392     0.9800     1.083984
393     0.9825     1.025391
394     0.9850     1.015625
395     0.9875     1.059570
396     0.9900     1.040039
397     0.9925     1.064453
398     0.9950     1.118164
399     0.9975     1.132812
400     1.0000     1.142578
401     1.0025     1.142578
402     1.0050     1.132812
403     1.0075     1.137695
404     1.0100     1.123047
405     1.0125     1.113281
406     1.0150     1.108398
407     1.0175     1.093750
408     1.0200     1.074219
409     1.0225     1.054687
410     1.0250     1.040039
411     1.0275     1.069336
412     1.0300     1.074219
413     1.0325     1.093750
414     1.0350     1.113281
415     1.0375     1.103516
416     1.0400     1.103516
417     1.0425     1.074219
418     1.0450     1.044922
419     1.0475     1.079102
420     1.0500     1.098633
421     1.0525     1.132812
422     1.0550     1.137695
423     1.0575     1.127930
424     1.0600     1.093750
425     1.0625     1.054687
426     1.0650     1.083984
427     1.0675     1.108398
428     1.0700     0.937768
429     1.0725     1.166992
430     1.0750     1.316323
431     1.0775     1.171875
432     1.0800     1.118164
433     1.0825     1.098633
434     1.0850     1.098633
435     1.0875     1.306571
436     1.0900     1.088867
437     1.0925     1.074219
438     1.0950     1.025391
439     1.0975     1.035156
440     1.1000     1.020508
441     1.1025     1.054687
442     1.1050     1.108398
443     1.1075     1.123047
444     1.1100     1.137695
445     1.1125     1.157227
446     1.1150     1.171875
447     1.1175     1.171875
448     1.1200     1.162109
449     1.1225     1.132812
450     1.1250     1.093750
451     1.1275     1.083984
452     1.1300     1.049805
453     1.1325     1.040039
454     1.1350     1.049805
455     1.1375     1.040039
456     1.1400     1.054687
457     1.1425     1.079102
458     1.1450     1.103516
459     1.1475     1.147461
460     1.1500     1.152344
461     1.1525     1.166992
462     1.1550     0.886416
463     1.1575     1.157227
464     1.1600     1.137695
465     1.1625     1.108398
466     1.1650     1.074219
467     1.1675     1.064453
468     1.1700     1.054687
469     1.1725     1.064453
470     1.1750     1.059570
471     1.1775     1.064453
472     1.1800     1.079102
473     1.1825     1.074219
474     1.1850     1.093750
475     1.1875     1.108398
476     1.1900     1.113281
477     1.1925     1.127930
478     1.1950     1.137695
479     1.1975     1.127930
480     1.2000     1.118164
481     1.2025     1.108398
482     1.2050     1.108398
483     1.2075     1.098633
484     1.2100     1.118164
485     1.2125     1.098633
486     1.2150     1.088867
487     1.2175     1.127930
488     1.2200     1.103516
489     1.2225     1.093750
490     1.2250     1.103516
491     1.2275     1.083984
492     1.2300     1.083984
493     1.2325     1.113281
494     1.2350     1.103516
495     1.2375     1.118164
496     1.2400     1.098633
497     1.2425     1.093750
498     1.2450     1.079102
499     1.2475     1.108398
500     1.2500     1.123047
501     1.2525     1.113281
502     1.2550     1.093750
503     1.2575     1.098633
504     1.2600     1.103516
505     1.2625     1.083984
506     1.2650     1.074219
507     1.2675     1.079102
508     1.2700     1.064453
509     1.2725     1.064453
510     1.2750     1.074219
511     1.2775     1.079102
512     1.2800     1.093750
513     1.2825     1.079102
514     1.2850     1.064453
515     1.2875     1.083984
516     1.2900     1.074219
517     1.2925     1.083984
518     1.2950     1.098633
519     1.2975     1.088867
520     1.3000     1.108398
521     1.3025     1.093750
522     1.3050     1.088867
523     1.3075     1.108398
524     1.3100     1.137695
525     1.3125     1.132812
526     1.3150     1.137695
527     1.3175     1.127930
528     1.3200     1.103516
529     1.3225     1.064453
530     1.3250     1.059570
531     1.3275     1.030273
532     1.3300     1.054687
533     1.3325     1.074219
534     1.3350     1.079102
535     1.3375     1.103516
536     1.3400     1.127930
537     1.3425     1.127930
538     1.3450     1.142578
539     1.3475     1.142578
540     1.3500     1.137695
541     1.3525     1.127930
542     1.3550     1.103516
543     1.3575     1.093750
544     1.3600     1.118164
545     1.3625     1.083984
546     1.3650     1.074219
547     1.3675     1.059570
548     1.3700     1.030273
549     1.3725     1.040039
550     1.3750     1.040039
551     1.3775     1.044922
552     1.3800     1.083984
553     1.3825     1.074219
554     1.3850     1.088867
555     1.3875     1.103516
556     1.3900     1.132812
557     1.3925     1.142578
558     1.3950     1.171875
559     1.3975     1.176758
560     1.4000     1.171875
561     1.4025     1.157227
562     1.4050     1.142578
563     1.4075     1.098633
564     1.4100     1.083984
565     1.4125     0.913286
566     1.4150     1.069336
567     1.4175     1.083984
568     1.4200     1.079102
569     1.4225     1.044922
570     1.4250     1.059570
571     1.4275     1.044922
572     1.4300     1.064453
573     1.4325     1.098633
574     1.4350     1.127930
575     1.4375     1.137695
576     1.4400     1.157227
577     1.4425     1.113281
578     1.4450     1.113281
579     1.4475     1.118164
580     1.4500     1.108398
581     1.4525     1.113281
582     1.4550     1.118164
583     1.4575     1.069336
584     1.4600     1.079102
585     1.4625     1.059570
586     1.4650     1.040039
587     1.4675     1.049805
588     1.4700     1.044922
589     1.4725     1.064453
590     1.4750     1.098633
591     1.4775     1.118164
592     1.4800     1.118164
593     1.4825     1.113281
594     1.4850     1.118164
595     1.4875     1.132812
596     1.4900     1.147461
597     1.4925     1.132812
598     1.4950     1.152344
599     1.4975     1.113281
600     1.5000     1.088867
601     1.5025     1.054687
602     1.5050     1.044922
603     1.5075     1.054687
604     1.5100     1.079102
605     1.5125     1.103516
606     1.5150     1.093750
607     1.5175     1.083984
608     1.5200     1.083984
609     1.5225     1.088867
610     1.5250     1.103516
611     1.5275     1.123047
612     1.5300     1.147461
613     1.5325     1.132812
614     1.5350     1.137695
615     1.5375     1.118164
616     1.5400     1.118164
617     1.5425     1.123047
618     1.5450     1.127930
619     1.5475     1.132812
620     1.5500     1.123047
621     1.5525     1.093750
622     1.5550     1.059570
623     1.5575     1.030273
624     1.5600     1.035156
625     1.5625     1.064453
626     1.5650     1.079102
627     1.5675     1.069336
628     1.5700     1.079102
629     1.5725     1.064453
630     1.5750     1.054687
631     1.5775     1.079102
632     1.5800     1.108398
633     1.5825     1.132812
634     1.5850     1.123047
635     1.5875     1.123047
636     1.5900     1.103516
637     1.5925     1.093750
638     1.5950     1.103516
639     1.5975     1.103516
640     1.6000     1.132812
641     1.6025     1.152344
642     1.6050     1.137695
643     1.6075     1.142578
644     1.6100     1.113281
645     1.6125     1.113281
646     1.6150     1.103516
647     1.6175     1.088867
648     1.6200     1.108398
649     1.6225     1.108398
650     1.6250     1.079102
651     1.6275     1.059570
652     1.6300     1.044922
653     1.6325     1.030273
654     1.6350     1.054687
655     1.6375     1.083984
656     1.6400     1.123047
657     1.6425     1.181641
658     1.6450     1.171875
659     1.6475     1.152344
660     1.6500     1.142578
661     1.6525     1.123047
662     1.6550     1.127930
663     1.6575     1.137695
664     1.6600     1.127930
665     1.6625     1.098633
666     1.6650     1.059570
667     1.6675     1.044922
668     1.6700     1.030273
669     1.6725     1.054687
670     1.6750     1.088867
671     1.6775     1.113281
672     1.6800     1.137695
673     1.6825     1.157227
674     1.6850     1.166992
675     1.6875     1.176758
676     1.6900     1.191406
677     1.6925     1.176758
678     1.6950     1.196289
679     1.6975     1.176758
680     1.7000     1.196289
681     1.7025     1.171875
682     1.7050     1.118164
683     1.7075     1.054687
684     1.7100     0.986328
685     1.7125     0.966797
686     1.7150     0.971680
687     1.7175     0.986328
688     1.7200     0.981445
689     1.7225     1.020508
690     1.7250     1.030273
691     1.7275     1.059570
692     1.7300     1.083984
693     1.7325     1.127930
694     1.7350     1.181641
695     1.7375     1.196289
696     1.7400     1.215820
697     1.7425     1.201172
698     1.7450     1.171875
699     1.7475     1.137695
700     1.7500     1.108398
701     1.7525     1.064453
702     1.7550     1.069336
703     1.7575     1.059570
704     1.7600     1.030273
705     1.7625     1.049805
706     1.7650     1.035156
707     1.7675     1.025391
708     1.7700     1.054687
709     1.7725     1.059570
710     1.7750     1.093750
711     1.7775     1.142578
712     1.7800     1.166992
713     1.7825     1.181641
714     1.7850     1.186523
715     1.7875     1.127930
716     1.7900     1.083984
717     1.7925     1.083984
718     1.7950     1.088867
719     1.7975     1.088867
720     1.8000     1.088867
721     1.8025     1.064453
722     1.8050     1.059570
723     1.8075     1.074219
724     1.8100     1.069336
725     1.8125     1.103516
726     1.8150     1.123047
727     1.8175     1.127930
728     1.8200     1.147461
729     1.8225     1.152344
730     1.8250     1.142578
731     1.8275     1.127930
732     1.8300     1.108398
733     1.8325     1.093750
734     1.8350     1.103516
735     1.8375     1.088867
736     1.8400     1.074219
737     1.8425     1.074219
738     1.8450     1.059570
739     1.8475     1.025391
740     1.8500     1.059570
741     1.8525     1.064453
742     1.8550     1.083984
743     1.8575     1.118164
744     1.8600     1.127930
745     1.8625     1.113281
746     1.8650     1.137695
747     1.8675     1.113281
748     1.8700     1.113281
749     1.8725     1.132812
750     1.8750     1.113281
751     1.8775     1.113281
752     1.8800     1.108398
753     1.8825     1.088867
754     1.8850     1.079102
755     1.8875     1.083984
756     1.8900     1.088867
757     1.8925     1.093750
758     1.8950     1.113281
759     1.8975     1.093750
760     1.9000     1.118164
761     1.9025     1.098633
762     1.9050     1.103516
763     1.9075     1.113281
764     1.9100     1.103516
765     1.9125     1.103516
766     1.9150     1.118164
767     1.9175     1.108398
768     1.9200     1.103516
769     1.9225     1.088867
770     1.9250     1.098633
771     1.9275     1.098633
772     1.9300     1.098633
773     1.9325     1.088867
774     1.9350     1.079102
775     1.9375     1.074219
776     1.9400     1.083984
777     1.9425     1.059570
778     1.9450     1.093750
779     1.9475     1.098633
780     1.9500     1.098633
781     1.9525     1.113281
782     1.9550     1.103516
783     1.9575     1.098633
784     1.9600     1.108398
785     1.9625     1.113281
786     1.9650     1.132812
787     1.9675     1.113281
788     1.9700     1.103516
789     1.9725     1.098633
790     1.9750     1.083984
791     1.9775     1.074219
792     1.9800     1.049805
793     1.9825     1.049805
794     1.9850     1.044922
795     1.9875     1.054687
796     1.9900     1.064453
797     1.9925     1.049805
798     1.9950     1.098633
799     1.9975     1.098633
800     2.0000     1.108398
801     2.0025     1.157227
802     2.0050     1.171875
803     2.0075     1.171875
804     2.0100     1.162109
805     2.0125     1.123047
806     2.0150     1.079102
807     2.0175     1.074219
808     2.0200     1.049805
809     2.0225     1.040039
810     2.0250     1.064453
811     2.0275     1.054687
812     2.0300     1.069336
813     2.0325     1.069336
814     2.0350     1.088867
815     2.0375     1.103516
816     2.0400     1.123047
817     2.0425     1.166992
818     2.0450     1.166992
819     2.0475     1.171875
820     2.0500     1.259789
821     2.0525     1.079102
822     2.0550     1.040039
823     2.0575     1.000977
824     2.0600     1.000977
825     2.0625     1.035156
826     2.0650     1.059570
827     2.0675     1.079102
828     2.0700     1.064453
829     2.0725     1.083984
830     2.0750     1.093750
831     2.0775     1.162109
832     2.0800     1.176758
833     2.0825     1.196289
834     2.0850     1.176758
835     2.0875     1.132812
836     2.0900     1.074219
837     2.0925     1.044922
838     2.0950     1.025391
839     2.0975     1.049805
840     2.1000     1.049805
841     2.1025     1.064453
842     2.1050     1.103516
843     2.1075     1.108398
844     2.1100     1.108398
845     2.1125     1.132812
846     2.1150     1.118164
847     2.1175     1.123047
848     2.1200     1.147461
849     2.1225     1.137695
850     2.1250     1.108398
851     2.1275     1.093750
852     2.1300     1.049805
853     2.1325     1.054687
854     2.1350     1.069336
855     2.1375     1.069336
856     2.1400     1.317704
857     2.1425     1.083984
858     2.1450     1.088867
859     2.1475     1.079102
860     2.1500     1.083984
861     2.1525     1.074219
862     2.1550     1.064453
863     2.1575     1.083984
864     2.1600     1.088867
865     2.1625     1.088867
866     2.1650     1.093750
867     2.1675     0.895954
868     2.1700     1.088867
869     2.1725     1.083984
870     2.1750     1.103516
871     2.1775     1.113281
872     2.1800     1.118164
873     2.1825     1.098633
874     2.1850     1.108398
875     2.1875     1.118164
876     2.1900     1.113281
877     2.1925     1.108398
878     2.1950     1.297739
879     2.1975     1.083984
880     2.2000     1.093750
881     2.2025     1.074219
882     2.2050     1.074219
883     2.2075     1.083984
884     2.2100     1.064453
885     2.2125     1.044922
886     2.2150     1.035156
887     2.2175     1.040039
888     2.2200     1.054687
889     2.2225     1.088867
890     2.2250     1.108398
891     2.2275     1.108398
892     2.2300     1.108398
893     2.2325     0.892880
894     2.2350     1.113281
895     2.2375     1.142578
896     2.2400     1.137695
897     2.2425     1.137695
898     2.2450     1.123047
899     2.2475     1.098633
900     2.2500     1.064453
901     2.2525     1.049805
902     2.2550     1.054687
903     2.2575     1.059570
904     2.2600     1.069336
905     2.2625     1.113281
906     2.2650     1.142578
907     2.2675     1.157227
908     2.2700     1.176758
909     2.2725     1.157227
910     2.2750     1.132812
911     2.2775     1.127930
912     2.2800     1.088867
913     2.2825     1.074219
914     2.2850     1.258664
915     2.2875     1.030273
916     2.2900     1.025391
917     2.2925     1.020508
918     2.2950     1.044922
919     2.2975     1.069336
920     2.3000     1.088867
921     2.3025     1.113281
922     2.3050     1.103516
923     2.3075     1.108398
924     2.3100     1.152344
925     2.3125     1.142578
926     2.3150     1.123047
927     2.3175     1.123047
928     2.3200     1.108398
929     2.3225     1.083984
930     2.3250     1.137695
931     2.3275     1.118164
932     2.3300     1.113281
933     2.3325     1.083984
934     2.3350     1.049805
935     2.3375     1.059570
936     2.3400     1.079102
937     2.3425     1.064453
938     2.3450     1.069336
939     2.3475     1.044922
940     2.3500     1.069336
941     2.3525     1.083984
942     2.3550     1.083984
943     2.3575     1.074219
944     2.3600     1.098633
945     2.3625     1.093750
946     2.3650     1.123047
947     2.3675     1.157227
948     2.3700     1.166992
949     2.3725     1.147461
950     2.3750     1.147461
951     2.3775     1.127930
952     2.3800     1.113281
953     2.3825     1.127930
954     2.3850     1.123047
955     2.3875     1.118164
956     2.3900     1.083984
957     2.3925     1.020508
958     2.3950     1.025391
959     2.3975     1.025391
960     2.4000     1.040039
961     2.4025     1.069336
962     2.4050     1.074219
963     2.4075     1.108398
964     2.4100     1.113281
965     2.4125     1.108398
966     2.4150     1.127930
967     2.4175     1.137695
968     2.4200     1.123047
969     2.4225     1.108398
970     2.4250     1.108398
971     2.4275     1.083984
972     2.4300     1.049805
973     2.4325     1.054687
974     2.4350     1.059570
975     2.4375     1.064453
976     2.4400     1.113281
977     2.4425     1.108398
978     2.4450     1.098633
979     2.4475     1.103516
980     2.4500     1.079102
981     2.4525     1.108398
982     2.4550     1.123047
983     2.4575     1.098633
984     2.4600     1.079102
985     2.4625     1.054687
986     2.4650     1.064453
987     2.4675     1.069336
988     2.4700     1.069336
989     2.4725     1.074219
990     2.4750     1.044922
991     2.4775     1.044922
992     2.4800     1.040039
993     2.4825     1.064453
994     2.4850     1.088867
995     2.4875     1.108398
996     2.4900     1.103516
997     2.4925     1.118164
998     2.4950     1.132812
999     2.4975     1.137695
1000    2.5000     1.142578
1001    2.5025     1.127930
1002    2.5050     1.098633
1003    2.5075     1.054687
1004    2.5100     1.054687
1005    2.5125     1.069336
1006    2.5150     1.064453
1007    2.5175     1.040039
1008    2.5200     1.030273
1009    2.5225     1.025391
1010    2.5250     1.069336
1011    2.5275     1.132812
1012    2.5300     1.166992
1013    2.5325     1.191406
1014    2.5350     1.176758
1015    2.5375     1.157227
1016    2.5400     1.123047
1017    2.5425     1.108398
1018    2.5450     1.074219
1019    2.5475     1.074219
1020    2.5500     1.049805
1021    2.5525     1.020508
1022    2.5550     1.010742
1023    2.5575     1.010742
1024    2.5600     1.015625
1025    2.5625     1.054687
1026    2.5650     1.093750
1027    2.5675     1.123047
1028    2.5700     1.137695
1029    2.5725     1.152344
1030    2.5750     1.137695
1031    2.5775     1.123047
1032    2.5800     1.137695
1033    2.5825     1.142578
1034    2.5850     1.132812
1035    2.5875     1.123047
1036    2.5900     1.098633
1037    2.5925     1.088867
1038    2.5950     1.054687
1039    2.5975     1.074219
1040    2.6000     1.088867
1041    2.6025     1.069336
1042    2.6050     1.093750
1043    2.6075     1.127930
1044    2.6100     1.137695
1045    2.6125     1.142578
1046    2.6150     1.147461
1047    2.6175     1.118164
1048    2.6200     1.108398
1049    2.6225     1.137695
1050    2.6250     1.118164
1051    2.6275     1.098633
1052    2.6300     1.079102
1053    2.6325     1.079102
1054    2.6350     1.059570
1055    2.6375     0.949898
1056    2.6400     1.059570
1057    2.6425     1.054687
1058    2.6450     1.054687
1059    2.6475     1.064453
1060    2.6500     1.059570
1061    2.6525     1.064453
1062    2.6550     1.079102
1063    2.6575     1.069336
1064    2.6600     1.049805
1065    2.6625     1.069336
1066    2.6650     1.059570
1067    2.6675     1.059570
1068    2.6700     1.054687
1069    2.6725     1.079102
1070    2.6750     1.088867
1071    2.6775     1.079102
1072    2.6800     1.074219
1073    2.6825     1.074219
1074    2.6850     1.069336
1075    2.6875     1.083984
1076    2.6900     1.098633
1077    2.6925     1.098633
1078    2.6950     1.064453
1079    2.6975     1.064453
1080    2.7000     1.248339
1081    2.7025     1.049805
1082    2.7050     1.093750
1083    2.7075     1.083984
1084    2.7100     1.093750
1085    2.7125     1.118164
1086    2.7150     1.113281
1087    2.7175     1.127930
1088    2.7200     1.147461
1089    2.7225     1.123047
1090    2.7250     0.954632
1091    2.7275     1.113281
1092    2.7300     1.079102
1093    2.7325     1.074219
1094    2.7350     1.069336
1095    2.7375     1.044922
1096    2.7400     1.035156
1097    2.7425     1.035156
1098    2.7450     1.035156
1099    2.7475     1.044922
1100    2.7500     1.291160
1101    2.7525     1.108398
1102    2.7550     1.123047
1103    2.7575     1.132812
1104    2.7600     1.113281
1105    2.7625     1.127930
1106    2.7650     1.127930
1107    2.7675     1.142578
1108    2.7700     1.108398
1109    2.7725     1.108398
1110    2.7750     1.127930
1111    2.7775     0.947701
1112    2.7800     1.083984
1113    2.7825     1.079102
1114    2.7850     1.093750
1115    2.7875     1.113281
1116    2.7900     1.118164
1117    2.7925     1.132812
1118    2.7950     1.142578
1119    2.7975     1.281631
1120    2.8000     1.108398
1121    2.8025     1.088867
1122    2.8050     1.093750
1123    2.8075     1.118164
1124    2.8100     1.261134
1125    2.8125     1.142578
1126    2.8150     1.152344
1127    2.8175     1.118164
1128    2.8200     1.098633
1129    2.8225     1.108398
1130    2.8250     1.123047
1131    2.8275     1.123047
1132    2.8300     1.108398
1133    2.8325     1.098633
1134    2.8350     1.088867
1135    2.8375     1.074219
1136    2.8400     1.083984
1137    2.8425     1.079102
1138    2.8450     1.088867
1139    2.8475     1.093750
1140    2.8500     1.093750
1141    2.8525     1.118164
1142    2.8550     1.132812
1143    2.8575     0.942120
1144    2.8600     1.147461
1145    2.8625     1.152344
1146    2.8650     1.252227
1147    2.8675     1.166992
1148    2.8700     1.162109
1149    2.8725     1.162109
1150    2.8750     1.123047
1151    2.8775     1.069336
1152    2.8800     1.044922
1153    2.8825     1.035156
1154    2.8850     1.035156
1155    2.8875     1.030273
1156    2.8900     1.030273
1157    2.8925     1.054687
1158    2.8950     1.088867
1159    2.8975     1.118164
1160    2.9000     1.137695
1161    2.9025     1.152344
1162    2.9050     1.157227
1163    2.9075     1.176758
1164    2.9100     1.162109
1165    2.9125     1.127930
1166    2.9150     1.127930
1167    2.9175     1.079102
1168    2.9200     1.083984
1169    2.9225     1.074219
1170    2.9250     1.044922
1171    2.9275     1.025391
1172    2.9300     1.035156
1173    2.9325     1.040039
1174    2.9350     1.083984
1175    2.9375     1.088867
1176    2.9400     1.108398
1177    2.9425     1.132812
1178    2.9450     1.142578
1179    2.9475     1.176758
1180    2.9500     1.181641
1181    2.9525     1.147461
1182    2.9550     1.166992
1183    2.9575     1.152344
1184    2.9600     1.127930
1185    2.9625     1.132812
1186    2.9650     1.069336
1187    2.9675     1.044922
1188    2.9700     1.074219
1189    2.9725     1.079102
1190    2.9750     1.083984
1191    2.9775     1.103516
1192    2.9800     1.113281
1193    2.9825     1.113281
1194    2.9850     1.137695
1195    2.9875     1.147461
1196    2.9900     1.123047
1197    2.9925     1.132812
1198    2.9950     1.157227
1199    2.9975     1.132812
1200    3.0000     1.127930
1201    3.0025     1.059570
1202    3.0050     1.035156
1203    3.0075     1.064453
1204    3.0100     1.054687
1205    3.0125     1.064453
1206    3.0150     1.103516
1207    3.0175     1.088867
1208    3.0200     1.088867
1209    3.0225     1.098633
1210    3.0250     1.113281
1211    3.0275     1.127930
1212    3.0300     1.142578
1213    3.0325     1.157227
1214    3.0350     1.157227
1215    3.0375     1.137695
1216    3.0400     1.118164
1217    3.0425     1.079102
1218    3.0450     1.083984
1219    3.0475     1.083984
1220    3.0500     1.064453
1221    3.0525     1.069336
1222    3.0550     1.098633
1223    3.0575     1.258247
1224    3.0600     1.142578
1225    3.0625     1.142578
1226    3.0650     1.137695
1227    3.0675     1.142578
1228    3.0700     1.137695
1229    3.0725     1.137695
1230    3.0750     1.132812
1231    3.0775     1.132812
1232    3.0800     1.127930
1233    3.0825     1.118164
1234    3.0850     1.103516
1235    3.0875     1.093750
1236    3.0900     1.074219
1237    3.0925     1.079102
1238    3.0950     1.108398
1239    3.0975     1.103516
1240    3.1000     1.088867
1241    3.1025     1.088867
1242    3.1050     1.088867
1243    3.1075     1.088867
1244    3.1100     1.132812
1245    3.1125     1.142578
1246    3.1150     1.142578
1247    3.1175     1.162109
1248    3.1200     1.132812
1249    3.1225     1.103516
1250    3.1250     1.103516
1251    3.1275     1.103516
1252    3.1300     1.093750
1253    3.1325     1.123047
1254    3.1350     1.108398
1255    3.1375     1.113281
1256    3.1400     1.123047
1257    3.1425     1.118164
1258    3.1450     1.103516
1259    3.1475     1.103516
1260    3.1500     1.083984
1261    3.1525     1.079102
1262    3.1550     1.088867
1263    3.1575     1.118164
1264    3.1600     1.088867
1265    3.1625     1.088867
1266    3.1650     1.059570
1267    3.1675     1.064453
1268    3.1700     1.074219
1269    3.1725     1.108398
1270    3.1750     1.132812
1271    3.1775     1.152344
1272    3.1800     1.132812
1273    3.1825     1.142578
1274    3.1850     1.118164
1275    3.1875     1.132812
1276    3.1900     1.147461
1277    3.1925     1.152344
1278    3.1950     1.162109
1279    3.1975     1.137695
1280    3.2000     1.088867
1281    3.2025     1.268186
1282    3.2050     1.005859
1283    3.2075     1.010742
1284    3.2100     0.930054
1285    3.2125     1.040039
1286    3.2150     1.064453
1287    3.2175     1.083984
1288    3.2200     1.127930
1289    3.2225     1.152344
1290    3.2250     1.314761
1291    3.2275     1.181641
1292    3.2300     1.253223
1293    3.2325     1.256015
1294    3.2350     1.132812
1295    3.2375     1.098633
1296    3.2400     1.079102
1297    3.2425     1.040039
1298    3.2450     1.025391
1299    3.2475     1.049805
1300    3.2500     1.059570
1301    3.2525     0.944275
1302    3.2550     1.268276
1303    3.2575     1.123047
1304    3.2600     1.137695
1305    3.2625     1.113281
1306    3.2650     1.103516
1307    3.2675     1.127930
1308    3.2700     1.103516
1309    3.2725     1.108398
1310    3.2750     1.113281
1311    3.2775     1.093750
1312    3.2800     1.093750
1313    3.2825     1.113281
1314    3.2850     1.123047
1315    3.2875     1.142578
1316    3.2900     1.147461
1317    3.2925     1.127930
1318    3.2950     1.093750
1319    3.2975     1.088867
1320    3.3000     1.088867
1321    3.3025     0.922116
1322    3.3050     1.093750
1323    3.3075     1.069336
1324    3.3100     1.044922
1325    3.3125     1.079102
1326    3.3150     1.079102
1327    3.3175     1.108398
1328    3.3200     1.132812
1329    3.3225     1.123047
1330    3.3250     1.127930
1331    3.3275     1.297669
1332    3.3300     1.098633
1333    3.3325     1.113281
1334    3.3350     1.108398
1335    3.3375     1.083984
1336    3.3400     1.103516
1337    3.3425     1.083984
1338    3.3450     1.074219
1339    3.3475     1.064453
1340    3.3500     1.064453
1341    3.3525     1.020508
1342    3.3550     0.909508
1343    3.3575     1.093750
1344    3.3600     1.113281
1345    3.3625     1.137695
1346    3.3650     1.147461
1347    3.3675     1.132812
1348    3.3700     1.157227
1349    3.3725     1.157227
1350    3.3750     1.162109
1351    3.3775     1.147461
1352    3.3800     1.137695
1353    3.3825     1.113281
1354    3.3850     1.079102
1355    3.3875     1.064453
1356    3.3900     1.054687
1357    3.3925     1.049805
1358    3.3950     1.069336
1359    3.3975     1.064453
1360    3.4000     1.103516
1361    3.4025     1.098633
1362    3.4050     1.093750
1363    3.4075     1.083984
1364    3.4100     1.074219
1365    3.4125     1.103516
1366    3.4150     1.137695
1367    3.4175     1.137695
1368    3.4200     1.132812
1369    3.4225     1.088867
1370    3.4250     1.079102
1371    3.4275     1.098633
1372    3.4300     1.108398
1373    3.4325     1.103516
1374    3.4350     1.118164
1375    3.4375     1.088867
1376    3.4400     1.103516
1377    3.4425     1.088867
1378    3.4450     1.079102
1379    3.4475     1.098633
1380    3.4500     1.088867
1381    3.4525     1.083984
1382    3.4550     1.088867
1383    3.4575     1.093750
1384    3.4600     1.098633
1385    3.4625     1.088867
1386    3.4650     1.108398
1387    3.4675     1.118164
1388    3.4700     1.137695
1389    3.4725     1.152344
1390    3.4750     1.132812
1391    3.4775     1.118164
1392    3.4800     1.103516
1393    3.4825     1.108398
1394    3.4850     1.093750
1395    3.4875     1.079102
1396    3.4900     1.074219
1397    3.4925     1.074219
1398    3.4950     1.069336
1399    3.4975     1.113281
1400    3.5000     1.132812
1401    3.5025     1.147461
1402    3.5050     1.176758
1403    3.5075     1.162109
1404    3.5100     1.142578
1405    3.5125     1.162109
1406    3.5150     1.162109
1407    3.5175     1.157227
1408    3.5200     1.166992
1409    3.5225     1.132812
1410    3.5250     1.064453
1411    3.5275     1.079102
1412    3.5300     1.064453
1413    3.5325     1.020508
1414    3.5350     1.040039
1415    3.5375     1.020508
1416    3.5400     1.020508
1417    3.5425     1.059570
1418    3.5450     0.945063
1419    3.5475     1.074219
1420    3.5500     1.098633
1421    3.5525     1.132812
1422    3.5550     1.132812
1423    3.5575     1.157227
1424    3.5600     1.147461
1425    3.5625     1.142578
1426    3.5650     1.123047
1427    3.5675     1.108398
1428    3.5700     1.074219
1429    3.5725     1.064453
1430    3.5750     1.049805
1431    3.5775     1.054687
1432    3.5800     1.064453
1433    3.5825     1.054687
1434    3.5850     1.074219
1435    3.5875     1.074219
1436    3.5900     1.074219
1437    3.5925     1.108398
1438    3.5950     1.132812
1439    3.5975     1.147461
1440    3.6000     1.142578
1441    3.6025     1.152344
1442    3.6050     1.113281
1443    3.6075     1.132812
1444    3.6100     1.118164
1445    3.6125     1.069336
1446    3.6150     1.069336
1447    3.6175     1.059570
1448    3.6200     1.044922
1449    3.6225     1.074219
1450    3.6250     1.059570
1451    3.6275     1.069336
1452    3.6300     1.253191
1453    3.6325     1.083984
1454    3.6350     1.108398
1455    3.6375     1.152344
1456    3.6400     1.132812
1457    3.6425     1.171875
1458    3.6450     1.171875
1459    3.6475     1.181641
1460    3.6500     1.171875
1461    3.6525     1.142578
1462    3.6550     1.103516
1463    3.6575     1.093750
1464    3.6600     1.059570
1465    3.6625     1.246659
1466    3.6650     1.064453
1467    3.6675     1.064453
1468    3.6700     1.307885
1469    3.6725     1.083984
1470    3.6750     1.118164
1471    3.6775     1.147461
1472    3.6800     1.142578
1473    3.6825     1.157227
1474    3.6850     1.152344
1475    3.6875     1.103516
1476    3.6900     1.044922
1477    3.6925     1.030273
1478    3.6950     1.005859
1479    3.6975     1.020508
1480    3.7000     1.015625
1481    3.7025     1.035156
1482    3.7050     1.079102
1483    3.7075     1.103516
1484    3.7100     1.113281
1485    3.7125     1.132812
1486    3.7150     1.147461
1487    3.7175     1.152344
1488    3.7200     1.152344
1489    3.7225     1.142578
1490    3.7250     1.127930
1491    3.7275     1.108398
1492    3.7300     1.113281
1493    3.7325     1.108398
1494    3.7350     1.108398
1495    3.7375     1.088867
1496    3.7400     1.093750
1497    3.7425     1.093750
1498    3.7450     1.113281
1499    3.7475     1.282804
1500    3.7500     1.093750
1501    3.7525     1.093750
1502    3.7550     1.079102
1503    3.7575     1.093750
1504    3.7600     1.098633
1505    3.7625     1.142578
1506    3.7650     1.171875
1507    3.7675     1.181641
1508    3.7700     1.157227
1509    3.7725     1.132812
1510    3.7750     1.093750
1511    3.7775     1.093750
1512    3.7800     1.098633
1513    3.7825     1.093750
1514    3.7850     1.093750
1515    3.7875     1.079102
1516    3.7900     1.044922
1517    3.7925     1.030273
1518    3.7950     1.069336
1519    3.7975     1.069336
1520    3.8000     1.088867
1521    3.8025     1.093750
1522    3.8050     1.103516
1523    3.8075     1.113281
1524    3.8100     1.123047
1525    3.8125     1.108398
1526    3.8150     1.118164
1527    3.8175     0.915051
1528    3.8200     1.103516
1529    3.8225     1.132812
1530    3.8250     1.137695
1531    3.8275     1.127930
1532    3.8300     1.108398
1533    3.8325     1.074219
1534    3.8350     1.317617
1535    3.8375     1.083984
1536    3.8400     1.103516
1537    3.8425     1.113281
1538    3.8450     1.118164
1539    3.8475     1.108398
1540    3.8500     1.103516
1541    3.8525     1.103516
1542    3.8550     1.123047
1543    3.8575     1.127930
1544    3.8600     1.157227
1545    3.8625     1.166992
1546    3.8650     1.191406
1547    3.8675     1.142578
1548    3.8700     1.123047
1549    3.8725     1.079102
1550    3.8750     1.049805
1551    3.8775     1.059570
1552    3.8800     1.074219
1553    3.8825     1.059570
1554    3.8850     1.054687
1555    3.8875     1.040039
1556    3.8900     1.035156
1557    3.8925     1.059570
1558    3.8950     1.093750
1559    3.8975     1.123047
1560    3.9000     1.147461
1561    3.9025     1.191406
1562    3.9050     1.181641
1563    3.9075     1.147461
1564    3.9100     1.309616
1565    3.9125     1.137695
1566    3.9150     1.132812
1567    3.9175     1.132812
1568    3.9200     1.098633
1569    3.9225     1.113281
1570    3.9250     1.074219
1571    3.9275     1.049805
1572    3.9300     1.044922
1573    3.9325     1.044922
1574    3.9350     1.069336
1575    3.9375     1.074219
1576    3.9400     1.098633
1577    3.9425     1.123047
1578    3.9450     1.147461
1579    3.9475     1.152344
1580    3.9500     1.152344
1581    3.9525     1.132812
1582    3.9550     1.118164
1583    3.9575     1.108398
1584    3.9600     1.098633
1585    3.9625     1.079102
1586    3.9650     1.088867
1587    3.9675     1.079102
1588    3.9700     1.064453
1589    3.9725     1.083984
1590    3.9750     1.093750
1591    3.9775     1.118164
1592    3.9800     1.137695
1593    3.9825     1.152344
1594    3.9850     1.181641
1595    3.9875     1.176758
1596    3.9900     1.152344
1597    3.9925     1.127930
1598    3.9950     1.108398
1599    3.9975     1.108398
1600    4.0000     1.103516
1601    4.0025     1.083984
1602    4.0050     1.079102
1603    4.0075     1.054687
1604    4.0100     1.040039
1605    4.0125     1.049805
1606    4.0150     1.074219
1607    4.0175     1.132812
1608    4.0200     1.162109
1609    4.0225     1.181641
1610    4.0250     0.935776
1611    4.0275     1.210937
1612    4.0300     1.171875
1613    4.0325     1.171875
1614    4.0350     1.147461
1615    4.0375     1.118164
1616    4.0400     1.103516
1617    4.0425     1.054687
1618    4.0450     1.044922
1619    4.0475     1.015625
1620    4.0500     1.000977
1621    4.0525     0.991211
1622    4.0550     0.986328
1623    4.0575     1.030273
1624    4.0600     1.059570
1625    4.0625     1.103516
1626    4.0650     1.118164
1627    4.0675     1.098633
1628    4.0700     1.079102
1629    4.0725     1.113281
1630    4.0750     1.142578
1631    4.0775     1.166992
1632    4.0800     1.166992
1633    4.0825     1.142578
1634    4.0850     1.142578
1635    4.0875     1.142578
1636    4.0900     1.132812
1637    4.0925     1.132812
1638    4.0950     1.103516
1639    4.0975     1.079102
1640    4.1000     1.054687
1641    4.1025     1.059570
1642    4.1050     1.054687
1643    4.1075     1.064453
1644    4.1100     1.054687
1645    4.1125     1.044922
1646    4.1150     1.059570
1647    4.1175     1.088867
1648    4.1200     1.123047
1649    4.1225     1.147461
1650    4.1250     1.157227
1651    4.1275     1.162109
1652    4.1300     1.152344
1653    4.1325     1.303498
1654    4.1350     1.132812
1655    4.1375     1.132812
1656    4.1400     1.118164
1657    4.1425     1.113281
1658    4.1450     1.098633
1659    4.1475     1.103516
1660    4.1500     1.083984
1661    4.1525     1.083984
1662    4.1550     1.069336
1663    4.1575     1.069336
1664    4.1600     1.098633
1665    4.1625     1.093750
1666    4.1650     1.103516
1667    4.1675     1.127930
1668    4.1700     1.118164
1669    4.1725     1.113281
1670    4.1750     1.127930
1671    4.1775     0.889037
1672    4.1800     1.162109
1673    4.1825     1.157227
1674    4.1850     1.152344
1675    4.1875     1.132812
1676    4.1900     1.088867
1677    4.1925     1.088867
1678    4.1950     1.059570
1679    4.1975     1.044922
1680    4.2000     1.064453
1681    4.2025     1.035156
1682    4.2050     1.083984
1683    4.2075     1.118164
1684    4.2100     1.118164
1685    4.2125     1.137695
1686    4.2150     0.901020
1687    4.2175     1.113281
1688    4.2200     1.127930
1689    4.2225     1.118164
1690    4.2250     1.137695
1691    4.2275     1.132812
1692    4.2300     1.093750
1693    4.2325     1.059570
1694    4.2350     1.035156
1695    4.2375     1.059570
1696    4.2400     1.083984
1697    4.2425     1.088867
1698    4.2450     1.113281
1699    4.2475     1.113281
1700    4.2500     1.103516
1701    4.2525     1.098633
1702    4.2550     1.093750
1703    4.2575     1.123047
1704    4.2600     1.147461
1705    4.2625     1.137695
1706    4.2650     1.123047
1707    4.2675     1.098633
1708    4.2700     1.083984
1709    4.2725     1.030273
1710    4.2750     1.030273
1711    4.2775     1.040039
1712    4.2800     1.049805
1713    4.2825     1.069336
1714    4.2850     1.083984
1715    4.2875     1.103516
1716    4.2900     1.093750
1717    4.2925     1.103516
1718    4.2950     1.137695
1719    4.2975     1.157227
1720    4.3000     1.157227
1721    4.3025     1.157227
1722    4.3050     1.113281
1723    4.3075     1.088867
1724    4.3100     1.103516
1725    4.3125     1.088867
1726    4.3150     1.108398
1727    4.3175     1.103516
1728    4.3200     1.093750
1729    4.3225     1.093750
1730    4.3250     1.074219
1731    4.3275     1.098633
1732    4.3300     1.123047
1733    4.3325     1.103516
1734    4.3350     1.137695
1735    4.3375     1.132812
1736    4.3400     1.118164
1737    4.3425     1.113281
1738    4.3450     1.083984
1739    4.3475     1.079102
1740    4.3500     1.088867
1741    4.3525     1.064453
1742    4.3550     1.064453
1743    4.3575     1.059570
1744    4.3600     1.069336
1745    4.3625     1.069336
1746    4.3650     1.088867
1747    4.3675     1.108398
1748    4.3700     1.142578
1749    4.3725     1.142578
1750    4.3750     1.137695
1751    4.3775     1.113281
1752    4.3800     1.108398
1753    4.3825     1.079102
1754    4.3850     1.069336
1755    4.3875     1.083984
1756    4.3900     1.098633
1757    4.3925     1.118164
1758    4.3950     1.127930
1759    4.3975     1.127930
1760    4.4000     1.137695
1761    4.4025     1.132812
1762    4.4050     1.132812
1763    4.4075     1.113281
1764    4.4100     1.093750
1765    4.4125     1.079102
1766    4.4150     1.049805
1767    4.4175     1.020508
1768    4.4200     1.005859
1769    4.4225     0.996094
1770    4.4250     1.020508
1771    4.4275     1.079102
1772    4.4300     1.123047
1773    4.4325     1.157227
1774    4.4350     1.166992
1775    4.4375     1.137695
1776    4.4400     1.108398
1777    4.4425     1.103516
1778    4.4450     1.103516
1779    4.4475     1.069336
1780    4.4500     1.069336
1781    4.4525     1.069336
1782    4.4550     1.074219
1783    4.4575     1.088867
1784    4.4600     1.098633
1785    4.4625     1.113281
1786    4.4650     1.137695
1787    4.4675     1.147461
1788    4.4700     1.152344
1789    4.4725     1.147461
1790    4.4750     1.088867
1791    4.4775     1.059570
1792    4.4800     1.035156
1793    4.4825     1.040039
1794    4.4850     1.079102
1795    4.4875     1.079102
1796    4.4900     1.108398
1797    4.4925     1.118164
1798    4.4950     1.127930
1799    4.4975     1.113281
1800    4.5000     1.103516
1801    4.5025     1.103516
1802    4.5050     1.118164
1803    4.5075     1.123047
1804    4.5100     1.123047
1805    4.5125     1.103516
1806    4.5150     1.069336
1807    4.5175     1.035156
1808    4.5200     1.044922
1809    4.5225     1.083984
1810    4.5250     1.108398
1811    4.5275     1.127930
1812    4.5300     1.157227
1813    4.5325     1.157227
1814    4.5350     1.137695
1815    4.5375     1.142578
1816    4.5400     1.147461
1817    4.5425     1.152344
1818    4.5450     1.142578
1819    4.5475     1.137695
1820    4.5500     1.083984
1821    4.5525     1.064453
1822    4.5550     1.054687
1823    4.5575     1.054687
1824    4.5600     1.059570
1825    4.5625     1.083984
1826    4.5650     1.074219
1827    4.5675     1.093750
1828    4.5700     1.113281
1829    4.5725     1.123047
1830    4.5750     1.147461
1831    4.5775     1.132812
1832    4.5800     1.113281
1833    4.5825     1.137695
1834    4.5850     1.142578
1835    4.5875     1.285105
1836    4.5900     1.137695
1837    4.5925     1.127930
1838    4.5950     1.083984
1839    4.5975     1.088867
1840    4.6000     1.074219
1841    4.6025     1.049805
1842    4.6050     1.059570
1843    4.6075     1.059570
1844    4.6100     1.054687
1845    4.6125     1.064453
1846    4.6150     1.074219
1847    4.6175     1.093750
1848    4.6200     1.123047
1849    4.6225     1.147461
1850    4.6250     1.137695
1851    4.6275     1.147461
1852    4.6300     1.142578
1853    4.6325     1.142578
1854    4.6350     1.108398
1855    4.6375     1.079102
1856    4.6400     1.044922
1857    4.6425     1.040039
1858    4.6450     1.040039
1859    4.6475     1.059570
1860    4.6500     1.074219
1861    4.6525     1.088867
1862    4.6550     1.083984
1863    4.6575     1.103516
1864    4.6600     1.127930
1865    4.6625     1.142578
1866    4.6650     1.166992
1867    4.6675     1.147461
1868    4.6700     1.127930
1869    4.6725     1.123047
1870    4.6750     1.103516
1871    4.6775     1.088867
1872    4.6800     1.069336
1873    4.6825     1.030273
1874    4.6850     1.020508
1875    4.6875     1.015625
1876    4.6900     1.040039
1877    4.6925     1.093750
1878    4.6950     0.887262
1879    4.6975     1.103516
1880    4.7000     1.127930
1881    4.7025     1.108398
1882    4.7050     1.132812
1883    4.7075     1.147461
1884    4.7100     1.137695
1885    4.7125     1.132812
1886    4.7150     1.137695
1887    4.7175     1.123047
1888    4.7200     1.127930
1889    4.7225     1.123047
1890    4.7250     1.083984
1891    4.7275     1.079102
1892    4.7300     1.049805
1893    4.7325     1.059570
1894    4.7350     1.083984
1895    4.7375     1.074219
1896    4.7400     1.074219
1897    4.7425     1.079102
1898    4.7450     1.079102
1899    4.7475     1.127930
1900    4.7500     1.162109
1901    4.7525     1.166992
1902    4.7550     1.176758
1903    4.7575     1.137695
1904    4.7600     1.108398
1905    4.7625     1.098633
1906    4.7650     1.083984
1907    4.7675     1.059570
1908    4.7700     1.054687
1909    4.7725     1.059570
1910    4.7750     1.074219
1911    4.7775     1.069336
1912    4.7800     1.083984
1913    4.7825     1.093750
1914    4.7850     1.108398
1915    4.7875     1.147461
1916    4.7900     1.166992
1917    4.7925     1.181641
1918    4.7950     1.186523
1919    4.7975     1.171875
1920    4.8000     1.132812
1921    4.8025     1.083984
1922    4.8050     1.054687
1923    4.8075     1.025391
1924    4.8100     1.015625
1925    4.8125     1.030273
1926    4.8150     1.049805
1927    4.8175     1.044922
1928    4.8200     1.088867
1929    4.8225     1.098633
1930    4.8250     1.137695
1931    4.8275     1.171875
1932    4.8300     1.191406
1933    4.8325     1.201172
1934    4.8350     1.186523
1935    4.8375     1.132812
1936    4.8400     1.083984
1937    4.8425     1.044922
1938    4.8450     1.035156
1939    4.8475     1.069336
1940    4.8500     1.069336
1941    4.8525     1.054687
1942    4.8550     1.079102
1943    4.8575     1.079102
1944    4.8600     1.132812
1945    4.8625     1.162109
1946    4.8650     1.181641
1947    4.8675     1.186523
1948    4.8700     1.157227
1949    4.8725     1.098633
1950    4.8750     1.093750
1951    4.8775     1.069336
1952    4.8800     1.049805
1953    4.8825     1.054687
1954    4.8850     1.025391
1955    4.8875     1.010742
1956    4.8900     1.040039
1957    4.8925     1.059570
1958    4.8950     1.083984
1959    4.8975     1.132812
1960    4.9000     1.142578
1961    4.9025     1.157227
1962    4.9050     1.166992
1963    4.9075     1.171875
1964    4.9100     1.142578
1965    4.9125     1.142578
1966    4.9150     1.108398
1967    4.9175     1.103516
1968    4.9200     1.103516
1969    4.9225     1.088867
1970    4.9250     1.059570
1971    4.9275     1.064453
1972    4.9300     1.049805
1973    4.9325     1.054687
1974    4.9350     1.074219
1975    4.9375     1.059570
1976    4.9400     1.069336
1977    4.9425     0.891066
1978    4.9450     1.093750
1979    4.9475     1.123047
1980    4.9500     1.108398
1981    4.9525     1.142578
1982    4.9550     1.147461
1983    4.9575     1.162109
1984    4.9600     1.162109
1985    4.9625     1.142578
1986    4.9650     1.108398
1987    4.9675     1.079102
1988    4.9700     1.064453
1989    4.9725     1.044922
1990    4.9750     1.059570
1991    4.9775     1.083984
1992    4.9800     1.069336
1993    4.9825     1.083984
1994    4.9850     1.103516
1995    4.9875     1.093750
1996    4.9900     1.123047
1997    4.9925     1.166992
1998    4.9950     1.176758
1999    4.9975     1.162109