      Time (s)  Voltage (V)
0        0.000     2.358398
1        0.004     2.290039
2        0.008     2.250977
3        0.012     2.275391
4        0.016     2.304687
5        0.020     2.338867
6        0.024     2.402344
7        0.028     2.426758
8        0.032     2.431641
9        0.036     2.387695
10       0.040     2.358398
11       0.044     2.373047
12       0.048     2.368164
13       0.052     2.377930
14       0.056     2.363281
15       0.060     2.368164
16       0.064     2.373047
17       0.068     2.363281
18       0.072     2.329102
19       0.076     2.166768
20       0.080     2.299805
21       0.084     2.333984
22       0.088     2.377930
23       0.092     2.421875
24       0.096     2.436523
25       0.100     2.416992
26       0.104     2.368164
27       0.108     2.333984
28       0.112     2.290039
29       0.116     2.290039
30       0.120     2.299805
31       0.124     2.319336
32       0.128     2.358398
33       0.132     2.426758
34       0.136     2.426758
35       0.140     2.431641
36       0.144     2.431641
37       0.148     2.397461
38       0.152     2.363281
39       0.156     2.324219
40       0.160     2.358398
41       0.164     2.343750
42       0.168     2.363281
43       0.172     2.392578
44       0.176     2.397461
45       0.180     2.382812
46       0.184     2.392578
47       0.188     2.407227
48       0.192     2.416992
49       0.196     2.407227
50       0.200     2.368164
51       0.204     2.333984
52       0.208     2.333984
53       0.212     2.348633
54       0.216     2.363281
55       0.220     2.416992
56       0.224     2.470703
57       0.228     2.480469
58       0.232     2.475586
59       0.236     2.436523
60       0.240     2.392578
61       0.244     2.377930
62       0.248     2.353516
63       0.252     2.377930
64       0.256     2.402344
65       0.260     2.426758
66       0.264     2.460937
67       0.268     2.412109
68       0.272     2.407227
69       0.276     2.333984
70       0.280     2.338867
71       0.284     2.348633
72       0.288     2.333984
73       0.292     2.358398
74       0.296     2.407227
75       0.300     2.421875
76       0.304     2.407227
77       0.308     2.402344
78       0.312     2.416992
79       0.316     2.431641
80       0.320     2.407227
81       0.324     2.358398
82       0.328     2.348633
83       0.332     2.333984
84       0.336     2.309570
85       0.340     2.290039
86       0.344     2.309570
87       0.348     2.353516
88       0.352     2.377930
89       0.356     2.407227
90       0.360     2.416992
91       0.364     2.407227
92       0.368     2.189138
93       0.372     2.159354
94       0.376     2.353516
95       0.380     2.319336
96       0.384     2.319336
97       0.388     2.343750
98       0.392     2.387695
99       0.396     2.436523
100      0.400     2.465820
101      0.404     2.436523
102      0.408     2.387695
103      0.412     2.333984
104      0.416     2.304687
105      0.420     2.319336
106      0.424     2.368164
107      0.428     2.181505
108      0.432     2.475586
109      0.436     2.504883
110      0.440     2.465820
111      0.444     2.421875
112      0.448     2.358398
113      0.452     2.343750
114      0.456     2.134819
115      0.460     2.353516
116      0.464     2.382812
117      0.468     2.426758
118      0.472     2.460937
119      0.476     2.456055
120      0.480     2.431641
121      0.484     2.407227
122      0.488     2.387695
123      0.492     2.373047
124      0.496     2.397461
125      0.500     2.353516
126      0.504     2.348633
127      0.508     2.348633
128      0.512     2.338867
129      0.516     2.319336
130      0.520     2.348633
131      0.524     2.353516
132      0.528     2.382812
133      0.532     2.382812
134      0.536     2.382812
135      0.540     2.543968
136      0.544     2.392578
137      0.548     2.382812
138      0.552     2.348633
139      0.556     2.343750
140      0.560     2.343750
141      0.564     2.358398
142      0.568     2.343750
143      0.572     2.373047
144      0.576     2.392578
145      0.580     2.421875
146      0.584     2.412109
147      0.588     2.407227
148      0.592     2.392578
149      0.596     2.373047
150      0.600     2.363281
151      0.604     2.197636
152      0.608     2.319336
153      0.612     2.343750
154      0.616     2.377930
155      0.620     2.402344
156      0.624     2.377930
157      0.628     2.407227
158      0.632     2.446289
159      0.636     2.421875
160      0.640     2.412109
161      0.644     2.377930
162      0.648     2.382812
163      0.652     2.373047
164      0.656     2.348633
165      0.660     2.348633
166      0.664     2.348633
167      0.668     2.373047
168      0.672     2.387695
169      0.676     2.387695
170      0.680     2.402344
171      0.684     2.407227
172      0.688     2.436523
173      0.692     2.446289
174      0.696     2.446289
175      0.700     2.426758
176      0.704     2.412109
177      0.708     2.412109
178      0.712     2.382812
179      0.716     2.373047
180      0.720     2.377930
181      0.724     2.397461
182      0.728     2.412109
183      0.732     2.377930
184      0.736     2.319336
185      0.740     2.294922
186      0.744     2.309570
187      0.748     2.343750
188      0.752     2.363281
189      0.756     2.373047
190      0.760     2.441406
191      0.764     2.480469
192      0.768     2.431641
193      0.772     2.353516
194      0.776     2.324219
195      0.780     2.299805
196      0.784     2.333984
197      0.788     2.382812
198      0.792     2.382812
199      0.796     2.407227
200      0.800     2.412109
201      0.804     2.421875
202      0.808     2.348633
203      0.812     2.333984
204      0.816     2.333984
205      0.820     2.558445
206      0.824     2.421875
207      0.828     2.387695
208      0.832     2.373047
209      0.836     2.373047
210      0.840     2.358398
211      0.844     2.348633
212      0.848     2.333984
213      0.852     2.368164
214      0.856     2.407227
215      0.860     2.431641
216      0.864     2.470703
217      0.868     2.436523
218      0.872     2.446289
219      0.876     2.426758
220      0.880     2.397461
221      0.884     2.358398
222      0.888     2.309570
223      0.892     2.255859
224      0.896     2.275391
225      0.900     2.275391
226      0.904     2.338867
227      0.908     2.402344
228      0.912     2.480469
229      0.916     2.519531
230      0.920     2.543945
231      0.924     2.480469
232      0.928     2.373047
233      0.932     2.280273
234      0.936     2.236328
235      0.940     2.207031
236      0.944     2.280273
237      0.948     2.329102
238      0.952     2.431641
239      0.956     2.504883
240      0.960     2.539062
241      0.964     2.500000
242      0.968     2.412109
243      0.972     2.324219
244      0.976     2.260742
245      0.980     2.195322
246      0.984     2.270508
247      0.988     2.324219
248      0.992     2.407227
249      0.996     2.446289
250      1.000     2.446289
251      1.004     2.431641
252      1.008     2.373047
253      1.012     2.333984
254      1.016     2.319336
255      1.020     2.329102
256      1.024     2.358398
257      1.028     2.377930
258      1.032     2.195165
259      1.036     2.575476
260      1.040     2.446289
261      1.044     2.412109
262      1.048     2.397461
263      1.052     2.431641
264      1.056     2.431641
265      1.060     2.431641
266      1.064     2.426758
267      1.068     2.412109
268      1.072     2.373047
269      1.076     2.299805
270      1.080     2.270508
271      1.084     2.309570
272      1.088     2.363281
273      1.092     2.397461
274      1.096     2.421875
275      1.100     2.421875
276      1.104     2.426758
277      1.108     2.377930
278      1.112     2.304687
279      1.116     2.255859
280      1.120     2.270508
281      1.124     2.363281
282      1.128     2.412109
283      1.132     2.441406
284      1.136     2.416992
285      1.140     2.392578
286      1.144     2.338867
287      1.148     2.324219
288      1.152     2.265625
289      1.156     2.294922
290      1.160     2.358398
291      1.164     2.456055
292      1.168     2.465820
293      1.172     2.436523
294      1.176     2.412109
295      1.180     2.368164
296      1.184     2.329102
297      1.188     2.309570
298      1.192     2.304687
299      1.196     2.329102
300      1.200     2.358398
301      1.204     2.431641
302      1.208     2.416992
303      1.212     2.412109
304      1.216     2.412109
305      1.220     2.392578
306      1.224     2.392578
307      1.228     2.358398
308      1.232     2.358398
309      1.236     2.353516
310      1.240     2.368164
311      1.244     2.358398
312      1.248     2.348633
313      1.252     2.338867
314      1.256     2.581257
315      1.260     2.373047
316      1.264     2.392578
317      1.268     2.446289
318      1.272     2.436523
319      1.276     2.426758
320      1.280     2.436523
321      1.284     2.421875
322      1.288     2.377930
323      1.292     2.338867
324      1.296     2.314453
325      1.300     2.319336
326      1.304     2.333984
327      1.308     2.358398
328      1.312     2.368164
329      1.316     2.392578
330      1.320     2.353516
331      1.324     2.358398
332      1.328     2.353516
333      1.332     2.329102
334      1.336     2.304687
335      1.340     2.329102
336      1.344     2.329102
337      1.348     2.333984
338      1.352     2.309570
339      1.356     2.353516
340      1.360     2.377930
341      1.364     2.416992
342      1.368     2.407227
343      1.372     2.373047
344      1.376     2.338867
345      1.380     2.338867
346      1.384     2.343750
347      1.388     2.373047
348      1.392     2.426758
349      1.396     2.441406
350      1.400     2.456055
351      1.404     2.387695
352      1.408     2.333984
353      1.412     2.314453
354      1.416     2.290039
355      1.420     2.294922
356      1.424     2.329102
357      1.428     2.607500
358      1.432     2.402344
359      1.436     2.421875
360      1.440     2.402344
361      1.444     2.377930
362      1.448     2.338867
363      1.452     2.338867
364      1.456     2.329102
365      1.460     2.333984
366      1.464     2.368164
367      1.468     2.387695
368      1.472     2.392578
369      1.476     2.358398
370      1.480     2.387695
371      1.484     2.373047
372      1.488     2.397461
373      1.492     2.387695
374      1.496     2.397461
375      1.500     2.402344
376      1.504     2.387695
377      1.508     2.353516
378      1.512     2.353516
379      1.516     2.353516
380      1.520     2.329102
381      1.524     2.353516
382      1.528     2.373047
383      1.532     2.397461
384      1.536     2.412109
385      1.540     2.421875
386      1.544     2.416992
387      1.548     2.416992
388      1.552     2.392578
389      1.556     2.363281
390      1.560     2.319336
391      1.564     2.314453
392      1.568     2.299805
393      1.572     2.343750
394      1.576     2.363281
395      1.580     2.402344
396      1.584     2.416992
397      1.588     2.456055
398      1.592     2.460937
399      1.596     2.460937
400      1.600     2.441406
401      1.604     2.456055
402      1.608     2.436523
403      1.612     2.402344
404      1.616     2.338867
405      1.620     2.304687
406      1.624     2.290039
407      1.628     2.299805
408      1.632     2.329102
409      1.636     2.402344
410      1.640     2.451172
411      1.644     2.475586
412      1.648     2.475586
413      1.652     2.436523
414      1.656     2.358398
415      1.660     2.309570
416      1.664     2.285156
417      1.668     2.304687
418      1.672     2.333984
419      1.676     2.412109
420      1.680     2.456055
421      1.684     2.446289
422      1.688     2.416992
423      1.692     2.397461
424      1.696     2.382812
425      1.700     2.338867
426      1.704     2.333984
427      1.708     2.333984
428      1.712     2.184593
429      1.716     2.426758
430      1.720     2.623624
431      1.724     2.412109
432      1.728     2.426758
433      1.732     2.412109
434      1.736     2.397461
435      1.740     2.612314
436      1.744     2.397461
437      1.748     2.431641
438      1.752     2.456055
439      1.756     2.460937
440      1.760     2.397461
441      1.764     2.363281
442      1.768     2.314453
443      1.772     2.329102
444      1.776     2.319336
445      1.780     2.329102
446      1.784     2.333984
447      1.788     2.353516
448      1.792     2.368164
449      1.796     2.353516
450      1.800     2.348633
451      1.804     2.363281
452      1.808     2.397461
453      1.812     2.402344
454      1.816     2.368164
455      1.820     2.319336
456      1.824     2.358398
457      1.828     2.397461
458      1.832     2.416992
459      1.836     2.426758
460      1.840     2.460937
461      1.844     2.416992
462      1.848     2.125037
463      1.852     2.290039
464      1.856     2.246094
465      1.860     2.275391
466      1.864     2.329102
467      1.868     2.387695
468      1.872     2.416992
469      1.876     2.441406
470      1.880     2.402344
471      1.884     2.363281
472      1.888     2.314453
473      1.892     2.324219
474      1.896     2.348633
475      1.900     2.407227
476      1.904     2.446289
477      1.908     2.412109
478      1.912     2.373047
479      1.916     2.353516
480      1.920     2.343750
481      1.924     2.353516
482      1.928     2.373047
483      1.932     2.412109
484      1.936     2.431641
485      1.940     2.416992
486      1.944     2.402344
487      1.948     2.397461
488      1.952     2.373047
489      1.956     2.368164
490      1.960     2.358398
491      1.964     2.324219
492      1.968     2.314453
493      1.972     2.319336
494      1.976     2.343750
495      1.980     2.353516
496      1.984     2.373047
497      1.988     2.377930
498      1.992     2.392578
499      1.996     2.426758
500      2.000     2.421875
501      2.004     2.392578
502      2.008     2.368164
503      2.012     2.397461
504      2.016     2.373047
505      2.020     2.382812
506      2.024     2.368164
507      2.028     2.363281
508      2.032     2.348633
509      2.036     2.353516
510      2.040     2.373047
511      2.044     2.387695
512      2.048     2.377930
513      2.052     2.416992
514      2.056     2.446289
515      2.060     2.451172
516      2.064     2.416992
517      2.068     2.392578
518      2.072     2.368164
519      2.076     2.338867
520      2.080     2.338867
521      2.084     2.329102
522      2.088     2.348633
523      2.092     2.387695
524      2.096     2.412109
525      2.100     2.412109
526      2.104     2.358398
527      2.108     2.363281
528      2.112     2.343750
529      2.116     2.333984
530      2.120     2.304687
531      2.124     2.324219
532      2.128     2.373047
533      2.132     2.426758
534      2.136     2.451172
535      2.140     2.446289
536      2.144     2.407227
537      2.148     2.377930
538      2.152     2.377930
539      2.156     2.363281
540      2.160     2.338867
541      2.164     2.353516
542      2.168     2.387695
543      2.172     2.446289
544      2.176     2.431641
545      2.180     2.412109
546      2.184     2.382812
547      2.188     2.397461
548      2.192     2.368164
549      2.196     2.329102
550      2.200     2.319336
551      2.204     2.333984
552      2.208     2.368164
553      2.212     2.382812
554      2.216     2.377930
555      2.220     2.368164
556      2.224     2.402344
557      2.228     2.397461
558      2.232     2.402344
559      2.236     2.363281
560      2.240     2.363281
561      2.244     2.343750
562      2.248     2.358398
563      2.252     2.348633
564      2.256     2.343750
565      2.260     2.156199
566      2.264     2.407227
567      2.268     2.412109
568      2.272     2.368164
569      2.276     2.324219
570      2.280     2.270508
571      2.284     2.304687
572      2.288     2.314453
573      2.292     2.338867
574      2.296     2.377930
575      2.300     2.421875
576      2.304     2.426758
577      2.308     2.392578
578      2.312     2.338867
579      2.316     2.329102
580      2.320     2.353516
581      2.324     2.358398
582      2.328     2.382812
583      2.332     2.373047
584      2.336     2.348633
585      2.340     2.333984
586      2.344     2.363281
587      2.348     2.373047
588      2.352     2.373047
589      2.356     2.402344
590      2.360     2.382812
591      2.364     2.363281
592      2.368     2.329102
593      2.372     2.294922
594      2.376     2.290039
595      2.380     2.294922
596      2.384     2.343750
597      2.388     2.358398
598      2.392     2.387695
599      2.396     2.392578
600      2.400     2.382812
601      2.404     2.402344
602      2.408     2.373047
603      2.412     2.348633
604      2.416     2.348633
605      2.420     2.348633
606      2.424     2.353516
607      2.428     2.343750
608      2.432     2.397461
609      2.436     2.412109
610      2.440     2.441406
611      2.444     2.465820
612      2.448     2.446289
613      2.452     2.397461
614      2.456     2.373047
615      2.460     2.329102
616      2.464     2.324219
617      2.468     2.314453
618      2.472     2.333984
619      2.476     2.377930
620      2.480     2.387695
621      2.484     2.431641
622      2.488     2.412109
623      2.492     2.426758
624      2.496     2.373047
625      2.500     2.368164
626      2.504     2.348633
627      2.508     2.358398
628      2.512     2.343750
629      2.516     2.377930
630      2.520     2.421875
631      2.524     2.407227
632      2.528     2.392578
633      2.532     2.353516
634      2.536     2.329102
635      2.540     2.304687
636      2.544     2.290039
637      2.548     2.309570
638      2.552     2.358398
639      2.556     2.377930
640      2.560     2.373047
641      2.564     2.387695
642      2.568     2.373047
643      2.572     2.348633
644      2.576     2.329102
645      2.580     2.348633
646      2.584     2.373047
647      2.588     2.421875
648      2.592     2.426758
649      2.596     2.441406
650      2.600     2.436523
651      2.604     2.426758
652      2.608     2.402344
653      2.612     2.397461
654      2.616     2.363281
655      2.620     2.348633
656      2.624     2.358398
657      2.628     2.416992
658      2.632     2.416992
659      2.636     2.460937
660      2.640     2.426758
661      2.644     2.436523
662      2.648     2.407227
663      2.652     2.392578
664      2.656     2.373047
665      2.660     2.382812
666      2.664     2.397461
667      2.668     2.412109
668      2.672     2.426758
669      2.676     2.431641
670      2.680     2.407227
671      2.684     2.373047
672      2.688     2.363281
673      2.692     2.382812
674      2.696     2.358398
675      2.700     2.382812
676      2.704     2.397461
677      2.708     2.407227
678      2.712     2.397461
679      2.716     2.407227
680      2.720     2.382812
681      2.724     2.358398
682      2.728     2.387695
683      2.732     2.416992
684      2.736     2.373047
685      2.740     2.338867
686      2.744     2.333984
687      2.748     2.397461
688      2.752     2.402344
689      2.756     2.402344
690      2.760     2.416992
691      2.764     2.436523
692      2.768     2.397461
693      2.772     2.392578
694      2.776     2.377930
695      2.780     2.363281
696      2.784     2.377930
697      2.788     2.392578
698      2.792     2.397461
699      2.796     2.377930
700      2.800     2.363281
701      2.804     2.382812
702      2.808     2.358398
703      2.812     2.348633
704      2.816     2.338867
705      2.820     2.319336
706      2.824     2.348633
707      2.828     2.382812
708      2.832     2.407227
709      2.836     2.373047
710      2.840     2.373047
711      2.844     2.377930
712      2.848     2.387695
713      2.852     2.387695
714      2.856     2.402344
715      2.860     2.382812
716      2.864     2.397461
717      2.868     2.387695
718      2.872     2.353516
719      2.876     2.329102
720      2.880     2.338867
721      2.884     2.373047
722      2.888     2.387695
723      2.892     2.397461
724      2.896     2.387695
725      2.900     2.416992
726      2.904     2.426758
727      2.908     2.392578
728      2.912     2.392578
729      2.916     2.402344
730      2.920     2.402344
731      2.924     2.426758
732      2.928     2.416992
733      2.932     2.431641
734      2.936     2.436523
735      2.940     2.426758
736      2.944     2.397461
737      2.948     2.402344
738      2.952     2.387695
739      2.956     2.368164
740      2.960     2.382812
741      2.964     2.407227
742      2.968     2.412109
743      2.972     2.436523
744      2.976     2.456055
745      2.980     2.441406
746      2.984     2.426758
747      2.988     2.402344
748      2.992     2.416992
749      2.996     2.431641
750      3.000     2.421875
751      3.004     2.402344
752      3.008     2.412109
753      3.012     2.397461
754      3.016     2.436523
755      3.020     2.421875
756      3.024     2.426758
757      3.028     2.441406
758      3.032     2.416992
759      3.036     2.377930
760      3.040     2.299805
761      3.044     2.304687
762      3.048     2.294922
763      3.052     2.343750
764      3.056     2.373047
765      3.060     2.402344
766      3.064     2.397461
767      3.068     2.407227
768      3.072     2.402344
769      3.076     2.407227
770      3.080     2.377930
771      3.084     2.387695
772      3.088     2.387695
773      3.092     2.402344
774      3.096     2.402344
775      3.100     2.358398
776      3.104     2.329102
777      3.108     2.290039
778      3.112     2.309570
779      3.116     2.343750
780      3.120     2.338867
781      3.124     2.382812
782      3.128     2.416992
783      3.132     2.451172
784      3.136     2.421875
785      3.140     2.397461
786      3.144     2.373047
787      3.148     2.373047
788      3.152     2.382812
789      3.156     2.412109
790      3.160     2.426758
791      3.164     2.392578
792      3.168     2.382812
793      3.172     2.387695
794      3.176     2.373047
795      3.180     2.285156
796      3.184     2.270508
797      3.188     2.280273
798      3.192     2.309570
799      3.196     2.324219
800      3.200     2.353516
801      3.204     2.402344
802      3.208     2.397461
803      3.212     2.402344
804      3.216     2.358398
805      3.220     2.319336
806      3.224     2.280273
807      3.228     2.309570
808      3.232     2.348633
809      3.236     2.353516
810      3.240     2.363281
811      3.244     2.392578
812      3.248     2.397461
813      3.252     2.368164
814      3.256     2.358398
815      3.260     2.353516
816      3.264     2.358398
817      3.268     2.368164
818      3.272     2.377930
819      3.276     2.373047
820      3.280     2.558058
821      3.284     2.387695
822      3.288     2.412109
823      3.292     2.436523
824      3.296     2.421875
825      3.300     2.421875
826      3.304     2.368164
827      3.308     2.329102
828      3.312     2.304687
829      3.316     2.299805
830      3.320     2.348633
831      3.324     2.392578
832      3.328     2.436523
833      3.332     2.441406
834      3.336     2.436523
835      3.340     2.397461
836      3.344     2.329102
837      3.348     2.309570
838      3.352     2.299805
839      3.356     2.314453
840      3.360     2.329102
841      3.364     2.353516
842      3.368     2.373047
843      3.372     2.382812
844      3.376     2.402344
845      3.380     2.416992
846      3.384     2.416992
847      3.388     2.412109
848      3.392     2.373047
849      3.396     2.358398
850      3.400     2.377930
851      3.404     2.353516
852      3.408     2.329102
853      3.412     2.333984
854      3.416     2.348633
855      3.420     2.358398
856      3.424     2.625226
857      3.428     2.373047
858      3.432     2.353516
859      3.436     2.397461
860      3.440     2.397461
861      3.444     2.377930
862      3.448     2.353516
863      3.452     2.338867
864      3.456     2.324219
865      3.460     2.324219
866      3.464     2.304687
867      3.468     2.136098
868      3.472     2.348633
869      3.476     2.353516
870      3.480     2.377930
871      3.484     2.377930
872      3.488     2.353516
873      3.492     2.387695
874      3.496     2.397461
875      3.500     2.421875
876      3.504     2.382812
877      3.508     2.368164
878      3.512     2.602071
879      3.516     2.309570
880      3.520     2.329102
881      3.524     2.353516
882      3.528     2.377930
883      3.532     2.407227
884      3.536     2.431641
885      3.540     2.426758
886      3.544     2.416992
887      3.548     2.402344
888      3.552     2.382812
889      3.556     2.363281
890      3.560     2.407227
891      3.564     2.426758
892      3.568     2.431641
893      3.572     2.132533
894      3.576     2.456055
895      3.580     2.441406
896      3.584     2.421875
897      3.588     2.343750
898      3.592     2.324219
899      3.596     2.333984
900      3.600     2.353516
901      3.604     2.363281
902      3.608     2.382812
903      3.612     2.343750
904      3.616     2.363281
905      3.620     2.377930
906      3.624     2.338867
907      3.628     2.294922
908      3.632     2.285156
909      3.636     2.314453
910      3.640     2.314453
911      3.644     2.353516
912      3.648     2.373047
913      3.652     2.377930
914      3.656     2.556754
915      3.660     2.382812
916      3.664     2.343750
917      3.668     2.299805
918      3.672     2.319336
919      3.676     2.309570
920      3.680     2.314453
921      3.684     2.348633
922      3.688     2.392578
923      3.692     2.426758
924      3.696     2.431641
925      3.700     2.387695
926      3.704     2.363281
927      3.708     2.363281
928      3.712     2.353516
929      3.716     2.338867
930      3.720     2.329102
931      3.724     2.353516
932      3.728     2.363281
933      3.732     2.407227
934      3.736     2.416992
935      3.740     2.377930
936      3.744     2.382812
937      3.748     2.377930
938      3.752     2.353516
939      3.756     2.299805
940      3.760     2.260742
941      3.764     2.285156
942      3.768     2.304687
943      3.772     2.304687
944      3.776     2.270508
945      3.780     2.304687
946      3.784     2.358398
947      3.788     2.382812
948      3.792     2.358398
949      3.796     2.338867
950      3.800     2.333984
951      3.804     2.363281
952      3.808     2.348633
953      3.812     2.329102
954      3.816     2.319336
955      3.820     2.358398
956      3.824     2.392578
957      3.828     2.377930
958      3.832     2.368164
959      3.836     2.353516
960      3.840     2.353516
961      3.844     2.343750
962      3.848     2.324219
963      3.852     2.324219
964      3.856     2.353516
965      3.860     2.338867
966      3.864     2.368164
967      3.868     2.358398
968      3.872     2.333984
969      3.876     2.319336
970      3.880     2.333984
971      3.884     2.358398
972      3.888     2.329102
973      3.892     2.314453
974      3.896     2.314453
975      3.900     2.294922
976      3.904     2.324219
977      3.908     2.333984
978      3.912     2.329102
979      3.916     2.333984
980      3.920     2.343750
981      3.924     2.363281
982      3.928     2.338867
983      3.932     2.329102
984      3.936     2.333984
985      3.940     2.348633
986      3.944     2.348633
987      3.948     2.348633
988      3.952     2.333984
989      3.956     2.368164
990      3.960     2.373047
991      3.964     2.377930
992      3.968     2.368164
993      3.972     2.382812
994      3.976     2.373047
995      3.980     2.348633
996      3.984     2.324219
997      3.988     2.324219
998      3.992     2.343750
999      3.996     2.363281
1000     4.000     2.407227
1001     4.004     2.426758
1002     4.008     2.416992
1003     4.012     2.407227
1004     4.016     2.402344
1005     4.020     2.358398
1006     4.024     2.329102
1007     4.028     2.343750
1008     4.032     2.333984
1009     4.036     2.333984
1010     4.040     2.338867
1011     4.044     2.348633
1012     4.048     2.338867
1013     4.052     2.392578
1014     4.056     2.421875
1015     4.060     2.387695
1016     4.064     2.338867
1017     4.068     2.324219
1018     4.072     2.314453
1019     4.076     2.299805
1020     4.080     2.304687
1021     4.084     2.343750
1022     4.088     2.412109
1023     4.092     2.465820
1024     4.096     2.451172
1025     4.100     2.397461
1026     4.104     2.348633
1027     4.108     2.319336
1028     4.112     2.275391
1029     4.116     2.221680
1030     4.120     2.236328
1031     4.124     2.324219
1032     4.128     2.431641
1033     4.132     2.470703
1034     4.136     2.436523
1035     4.140     2.412109
1036     4.144     2.377930
1037     4.148     2.329102
1038     4.152     2.285156
1039     4.156     2.299805
1040     4.160     2.368164
1041     4.164     2.426758
1042     4.168     2.421875
1043     4.172     2.407227
1044     4.176     2.373047
1045     4.180     2.348633
1046     4.184     2.348633
1047     4.188     2.343750
1048     4.192     2.353516
1049     4.196     2.373047
1050     4.200     2.387695
1051     4.204     2.373047
1052     4.208     2.324219
1053     4.212     2.314453
1054     4.216     2.299805
1055     4.220     2.198660
1056     4.224     2.319336
1057     4.228     2.353516
1058     4.232     2.412109
1059     4.236     2.421875
1060     4.240     2.407227
1061     4.244     2.382812
1062     4.248     2.373047
1063     4.252     2.377930
1064     4.256     2.377930
1065     4.260     2.358398
1066     4.264     2.387695
1067     4.268     2.387695
1068     4.272     2.377930
1069     4.276     2.358398
1070     4.280     2.333984
1071     4.284     2.348633
1072     4.288     2.338867
1073     4.292     2.363281
1074     4.296     2.382812
1075     4.300     2.402344
1076     4.304     2.412109
1077     4.308     2.397461
1078     4.312     2.392578
1079     4.316     2.368164
1080     4.320     2.544779
1081     4.324     2.314453
1082     4.328     2.319336
1083     4.332     2.324219
1084     4.336     2.319336
1085     4.340     2.333984
1086     4.344     2.343750
1087     4.348     2.412109
1088     4.352     2.431641
1089     4.356     2.416992
1090     4.360     2.204150
1091     4.364     2.407227
1092     4.368     2.373047
1093     4.372     2.338867
1094     4.376     2.338867
1095     4.380     2.324219
1096     4.384     2.324219
1097     4.388     2.304687
1098     4.392     2.329102
1099     4.396     2.368164
1100     4.400     2.594441
1101     4.404     2.441406
1102     4.408     2.441406
1103     4.412     2.421875
1104     4.416     2.368164
1105     4.420     2.343750
1106     4.424     2.299805
1107     4.428     2.270508
1108     4.432     2.314453
1109     4.436     2.387695
1110     4.440     2.412109
1111     4.444     2.196113
1112     4.448     2.436523
1113     4.452     2.416992
1114     4.456     2.392578
1115     4.460     2.358398
1116     4.464     2.333984
1117     4.468     2.324219
1118     4.472     2.387695
1119     4.476     2.583390
1120     4.480     2.421875
1121     4.484     2.397461
1122     4.488     2.412109
1123     4.492     2.363281
1124     4.496     2.559618
1125     4.500     2.324219
1126     4.504     2.290039
1127     4.508     2.299805
1128     4.512     2.348633
1129     4.516     2.387695
1130     4.520     2.412109
1131     4.524     2.421875
1132     4.528     2.426758
1133     4.532     2.416992
1134     4.536     2.382812
1135     4.540     2.373047
1136     4.544     2.333984
1137     4.548     2.338867
1138     4.552     2.353516
1139     4.556     2.382812
1140     4.560     2.358398
1141     4.564     2.368164
1142     4.568     2.382812
1143     4.572     2.189640
1144     4.576     2.382812
1145     4.580     2.368164
1146     4.584     2.549288
1147     4.588     2.382812
1148     4.592     2.368164
1149     4.596     2.397461
1150     4.600     2.377930
1151     4.604     2.382812
1152     4.608     2.397461
1153     4.612     2.412109
1154     4.616     2.373047
1155     4.620     2.338867
1156     4.624     2.333984
1157     4.628     2.333984
1158     4.632     2.358398
1159     4.636     2.387695
1160     4.640     2.397461
1161     4.644     2.426758
1162     4.648     2.436523
1163     4.652     2.402344
1164     4.656     2.353516
1165     4.660     2.329102
1166     4.664     2.314453
1167     4.668     2.358398
1168     4.672     2.373047
1169     4.676     2.407227
1170     4.680     2.431641
1171     4.684     2.421875
1172     4.688     2.392578
1173     4.692     2.363281
1174     4.696     2.358398
1175     4.700     2.333984
1176     4.704     2.314453
1177     4.708     2.329102
1178     4.712     2.304687
1179     4.716     2.294922
1180     4.720     2.329102
1181     4.724     2.353516
1182     4.728     2.358398
1183     4.732     2.363281
1184     4.736     2.412109
1185     4.740     2.431641
1186     4.744     2.382812
1187     4.748     2.363281
1188     4.752     2.353516
1189     4.756     2.353516
1190     4.760     2.338867
1191     4.764     2.338867
1192     4.768     2.358398
1193     4.772     2.373047
1194     4.776     2.392578
1195     4.780     2.426758
1196     4.784     2.426758
1197     4.788     2.407227
1198     4.792     2.382812
1199     4.796     2.387695
1200     4.800     2.387695
1201     4.804     2.377930
1202     4.808     2.397461
1203     4.812     2.402344
1204     4.816     2.397461
1205     4.820     2.382812
1206     4.824     2.368164
1207     4.828     2.387695
1208     4.832     2.353516
1209     4.836     2.377930
1210     4.840     2.421875
1211     4.844     2.451172
1212     4.848     2.460937
1213     4.852     2.470703
1214     4.856     2.441406
1215     4.860     2.412109
1216     4.864     2.373047
1217     4.868     2.329102
1218     4.872     2.324219
1219     4.876     2.353516
1220     4.880     2.402344
1221     4.884     2.392578
1222     4.888     2.397461
1223     4.892     2.556270
1224     4.896     2.358398
1225     4.900     2.353516
1226     4.904     2.343750
1227     4.908     2.358398
1228     4.912     2.387695
1229     4.916     2.416992
1230     4.920     2.426758
1231     4.924     2.407227
1232     4.928     2.353516
1233     4.932     2.353516
1234     4.936     2.363281
1235     4.940     2.373047
1236     4.944     2.377930
1237     4.948     2.387695
1238     4.952     2.402344
1239     4.956     2.421875
1240     4.960     2.441406
1241     4.964     2.460937
1242     4.968     2.460937
1243     4.972     2.441406
1244     4.976     2.451172
1245     4.980     2.392578
1246     4.984     2.353516
1247     4.988     2.324219
1248     4.992     2.358398
1249     4.996     2.373047
1250     5.000     2.353516
1251     5.004     2.329102
1252     5.008     2.319336
1253     5.012     2.333984
1254     5.016     2.333984
1255     5.020     2.363281
1256     5.024     2.373047
1257     5.028     2.373047
1258     5.032     2.368164
1259     5.036     2.329102
1260     5.040     2.270508
1261     5.044     2.309570
1262     5.048     2.338867
1263     5.052     2.343750
1264     5.056     2.338867
1265     5.060     2.348633
1266     5.064     2.358398
1267     5.068     2.348633
1268     5.072     2.348633
1269     5.076     2.338867
1270     5.080     2.368164
1271     5.084     2.392578
1272     5.088     2.407227
1273     5.092     2.402344
1274     5.096     2.412109
1275     5.100     2.421875
1276     5.104     2.377930
1277     5.108     2.373047
1278     5.112     2.338867
1279     5.116     2.329102
1280     5.120     2.343750
1281     5.124     2.567797
1282     5.128     2.377930
1283     5.132     2.392578
1284     5.136     2.175645
1285     5.140     2.377930
1286     5.144     2.407227
1287     5.148     2.407227
1288     5.152     2.397461
1289     5.156     2.382812
1290     5.160     2.621812
1291     5.164     2.392578
1292     5.168     2.550443
1293     5.172     2.553681
1294     5.176     2.348633
1295     5.180     2.348633
1296     5.184     2.338867
1297     5.188     2.333984
1298     5.192     2.314453
1299     5.196     2.319336
1300     5.200     2.338867
1301     5.204     2.192139
1302     5.208     2.567902
1303     5.212     2.387695
1304     5.216     2.353516
1305     5.220     2.338867
1306     5.224     2.333984
1307     5.228     2.319336
1308     5.232     2.377930
1309     5.236     2.382812
1310     5.240     2.431641
1311     5.244     2.431641
1312     5.248     2.416992
1313     5.252     2.353516
1314     5.256     2.348633
1315     5.260     2.368164
1316     5.264     2.377930
1317     5.268     2.387695
1318     5.272     2.392578
1319     5.276     2.416992
1320     5.280     2.387695
1321     5.284     2.166440
1322     5.288     2.329102
1323     5.292     2.333984
1324     5.296     2.358398
1325     5.300     2.368164
1326     5.304     2.373047
1327     5.308     2.368164
1328     5.312     2.348633
1329     5.316     2.363281
1330     5.320     2.338867
1331     5.324     2.601991
1332     5.328     2.368164
1333     5.332     2.397461
1334     5.336     2.407227
1335     5.340     2.392578
1336     5.344     2.353516
1337     5.348     2.358398
1338     5.352     2.324219
1339     5.356     2.329102
1340     5.360     2.304687
1341     5.364     2.338867
1342     5.368     2.151818
1343     5.372     2.407227
1344     5.376     2.397461
1345     5.380     2.402344
1346     5.384     2.382812
1347     5.388     2.343750
1348     5.392     2.319336
1349     5.396     2.299805
1350     5.400     2.299805
1351     5.404     2.333984
1352     5.408     2.397461
1353     5.412     2.470703
1354     5.416     2.460937
1355     5.420     2.460937
1356     5.424     2.397461
1357     5.428     2.363281
1358     5.432     2.309570
1359     5.436     2.275391
1360     5.440     2.309570
1361     5.444     2.353516
1362     5.448     2.456055
1363     5.452     2.470703
1364     5.456     2.490234
1365     5.460     2.460937
1366     5.464     2.426758
1367     5.468     2.377930
1368     5.472     2.290039
1369     5.476     2.280273
1370     5.480     2.280273
1371     5.484     2.329102
1372     5.488     2.348633
1373     5.492     2.412109
1374     5.496     2.392578
1375     5.500     2.343750
1376     5.504     2.329102
1377     5.508     2.329102
1378     5.512     2.353516
1379     5.516     2.402344
1380     5.520     2.451172
1381     5.524     2.475586
1382     5.528     2.485352
1383     5.532     2.451172
1384     5.536     2.373047
1385     5.540     2.285156
1386     5.544     2.246094
1387     5.548     2.226562
1388     5.552     2.226562
1389     5.556     2.265625
1390     5.560     2.314453
1391     5.564     2.382812
1392     5.568     2.402344
1393     5.572     2.431641
1394     5.576     2.421875
1395     5.580     2.353516
1396     5.584     2.309570
1397     5.588     2.290039
1398     5.592     2.280273
1399     5.596     2.304687
1400     5.600     2.329102
1401     5.604     2.392578
1402     5.608     2.412109
1403     5.612     2.426758
1404     5.616     2.368164
1405     5.620     2.348633
1406     5.624     2.314453
1407     5.628     2.353516
1408     5.632     2.373047
1409     5.636     2.397461
1410     5.640     2.392578
1411     5.644     2.358398
1412     5.648     2.314453
1413     5.652     2.299805
1414     5.656     2.275391
1415     5.660     2.255859
1416     5.664     2.319336
1417     5.668     2.382812
1418     5.672     2.193053
1419     5.676     2.441406
1420     5.680     2.402344
1421     5.684     2.377930
1422     5.688     2.377930
1423     5.692     2.329102
1424     5.696     2.299805
1425     5.700     2.333984
1426     5.704     2.368164
1427     5.708     2.416992
1428     5.712     2.431641
1429     5.716     2.421875
1430     5.720     2.416992
1431     5.724     2.407227
1432     5.728     2.363281
1433     5.732     2.333984
1434     5.736     2.304687
1435     5.740     2.324219
1436     5.744     2.348633
1437     5.748     2.382812
1438     5.752     2.412109
1439     5.756     2.441406
1440     5.760     2.446289
1441     5.764     2.446289
1442     5.768     2.407227
1443     5.772     2.382812
1444     5.776     2.348633
1445     5.780     2.333984
1446     5.784     2.290039
1447     5.788     2.314453
1448     5.792     2.348633
1449     5.796     2.387695
1450     5.800     2.412109
1451     5.804     2.451172
1452     5.808     2.550406
1453     5.812     2.402344
1454     5.816     2.373047
1455     5.820     2.294922
1456     5.824     2.270508
1457     5.828     2.250977
1458     5.832     2.299805
1459     5.836     2.348633
1460     5.840     2.387695
1461     5.844     2.407227
1462     5.848     2.377930
1463     5.852     2.368164
1464     5.856     2.363281
1465     5.860     2.542830
1466     5.864     2.246094
1467     5.868     2.290039
1468     5.872     2.613838
1469     5.876     2.377930
1470     5.880     2.402344
1471     5.884     2.416992
1472     5.888     2.426758
1473     5.892     2.373047
1474     5.896     2.319336
1475     5.900     2.275391
1476     5.904     2.314453
1477     5.908     2.333984
1478     5.912     2.392578
1479     5.916     2.431641
1480     5.920     2.412109
1481     5.924     2.382812
1482     5.928     2.338867
1483     5.932     2.294922
1484     5.936     2.270508
1485     5.940     2.265625
1486     5.944     2.299805
1487     5.948     2.348633
1488     5.952     2.392578
1489     5.956     2.412109
1490     5.960     2.387695
1491     5.964     2.397461
1492     5.968     2.348633
1493     5.972     2.324219
1494     5.976     2.314453
1495     5.980     2.343750
1496     5.984     2.392578
1497     5.988     2.431641
1498     5.992     2.456055
1499     5.996     2.584750
1500     6.000     2.402344
1501     6.004     2.382812
1502     6.008     2.304687
1503     6.012     2.294922
1504     6.016     2.314453
1505     6.020     2.314453
1506     6.024     2.358398
1507     6.028     2.377930
1508     6.032     2.397461
1509     6.036     2.382812
1510     6.040     2.348633
1511     6.044     2.363281
1512     6.048     2.338867
1513     6.052     2.314453
1514     6.056     2.309570
1515     6.060     2.353516
1516     6.064     2.353516
1517     6.068     2.348633
1518     6.072     2.353516
1519     6.076     2.363281
1520     6.080     2.368164
1521     6.084     2.382812
1522     6.088     2.382812
1523     6.092     2.387695
1524     6.096     2.392578
1525     6.100     2.412109
1526     6.104     2.407227
1527     6.108     2.158246
1528     6.112     2.358398
1529     6.116     2.353516
1530     6.120     2.324219
1531     6.124     2.314453
1532     6.128     2.290039
1533     6.132     2.275391
1534     6.136     2.625125
1535     6.140     2.387695
1536     6.144     2.421875
1537     6.148     2.416992
1538     6.152     2.373047
1539     6.156     2.343750
1540     6.160     2.333984
1541     6.164     2.329102
1542     6.168     2.275391
1543     6.172     2.304687
1544     6.176     2.348633
1545     6.180     2.382812
1546     6.184     2.397461
1547     6.188     2.377930
1548     6.192     2.407227
1549     6.196     2.426758
1550     6.200     2.416992
1551     6.204     2.348633
1552     6.208     2.324219
1553     6.212     2.324219
1554     6.216     2.329102
1555     6.220     2.333984
1556     6.224     2.314453
1557     6.228     2.319336
1558     6.232     2.373047
1559     6.236     2.392578
1560     6.240     2.407227
1561     6.244     2.402344
1562     6.248     2.426758
1563     6.252     2.407227
1564     6.256     2.615845
1565     6.260     2.324219
1566     6.264     2.299805
1567     6.268     2.343750
1568     6.272     2.373047
1569     6.276     2.392578
1570     6.280     2.392578
1571     6.284     2.387695
1572     6.288     2.377930
1573     6.292     2.373047
1574     6.296     2.363281
1575     6.300     2.368164
1576     6.304     2.373047
1577     6.308     2.377930
1578     6.312     2.363281
1579     6.316     2.368164
1580     6.320     2.397461
1581     6.324     2.392578
1582     6.328     2.387695
1583     6.332     2.353516
1584     6.336     2.333984
1585     6.340     2.363281
1586     6.344     2.407227
1587     6.348     2.377930
1588     6.352     2.373047
1589     6.356     2.382812
1590     6.360     2.377930
1591     6.364     2.373047
1592     6.368     2.343750
1593     6.372     2.343750
1594     6.376     2.358398
1595     6.380     2.387695
1596     6.384     2.392578
1597     6.388     2.402344
1598     6.392     2.426758
1599     6.396     2.416992
1600     6.400     2.368164
1601     6.404     2.368164
1602     6.408     2.324219
1603     6.412     2.314453
1604     6.416     2.358398
1605     6.420     2.373047
1606     6.424     2.421875
1607     6.428     2.407227
1608     6.432     2.416992
1609     6.436     2.387695
1610     6.440     2.182282
1611     6.444     2.382812
1612     6.448     2.358398
1613     6.452     2.412109
1614     6.456     2.407227
1615     6.460     2.421875
1616     6.464     2.402344
1617     6.468     2.382812
1618     6.472     2.348633
1619     6.476     2.373047
1620     6.480     2.387695
1621     6.484     2.407227
1622     6.488     2.456055
1623     6.492     2.475586
1624     6.496     2.446289
1625     6.500     2.431641
1626     6.504     2.387695
1627     6.508     2.363281
1628     6.512     2.373047
1629     6.516     2.392578
1630     6.520     2.368164
1631     6.524     2.377930
1632     6.528     2.358398
1633     6.532     2.368164
1634     6.536     2.368164
1635     6.540     2.382812
1636     6.544     2.377930
1637     6.548     2.402344
1638     6.552     2.368164
1639     6.556     2.358398
1640     6.560     2.324219
1641     6.564     2.338867
1642     6.568     2.358398
1643     6.572     2.407227
1644     6.576     2.412109
1645     6.580     2.441406
1646     6.584     2.446289
1647     6.588     2.426758
1648     6.592     2.358398
1649     6.596     2.358398
1650     6.600     2.319336
1651     6.604     2.333984
1652     6.608     2.363281
1653     6.612     2.608750
1654     6.616     2.431641
1655     6.620     2.436523
1656     6.624     2.426758
1657     6.628     2.373047
1658     6.632     2.363281
1659     6.636     2.324219
1660     6.640     2.304687
1661     6.644     2.338867
1662     6.648     2.348633
1663     6.652     2.353516
1664     6.656     2.343750
1665     6.660     2.348633
1666     6.664     2.358398
1667     6.668     2.377930
1668     6.672     2.397461
1669     6.676     2.397461
1670     6.680     2.377930
1671     6.684     2.128076
1672     6.688     2.382812
1673     6.692     2.373047
1674     6.696     2.392578
1675     6.700     2.426758
1676     6.704     2.436523
1677     6.708     2.431641
1678     6.712     2.397461
1679     6.716     2.348633
1680     6.720     2.270508
1681     6.724     2.260742
1682     6.728     2.265625
1683     6.732     2.304687
1684     6.736     2.343750
1685     6.740     2.397461
1686     6.744     2.141973
1687     6.748     2.426758
1688     6.752     2.377930
1689     6.756     2.299805
1690     6.760     2.299805
1691     6.764     2.309570
1692     6.768     2.353516
1693     6.772     2.358398
1694     6.776     2.402344
1695     6.780     2.416992
1696     6.784     2.402344
1697     6.788     2.353516
1698     6.792     2.343750
1699     6.796     2.353516
1700     6.800     2.373047
1701     6.804     2.382812
1702     6.808     2.387695
1703     6.812     2.348633
1704     6.816     2.343750
1705     6.820     2.329102
1706     6.824     2.348633
1707     6.828     2.382812
1708     6.832     2.402344
1709     6.836     2.392578
1710     6.840     2.421875
1711     6.844     2.373047
1712     6.848     2.348633
1713     6.852     2.338867
1714     6.856     2.343750
1715     6.860     2.348633
1716     6.864     2.377930
1717     6.868     2.392578
1718     6.872     2.412109
1719     6.876     2.402344
1720     6.880     2.377930
1721     6.884     2.343750
1722     6.888     2.299805
1723     6.892     2.329102
1724     6.896     2.348633
1725     6.900     2.382812
1726     6.904     2.407227
1727     6.908     2.446289
1728     6.912     2.416992
1729     6.916     2.407227
1730     6.920     2.363281
1731     6.924     2.368164
1732     6.928     2.358398
1733     6.932     2.363281
1734     6.936     2.363281
1735     6.940     2.363281
1736     6.944     2.363281
1737     6.948     2.348633
1738     6.952     2.392578
1739     6.956     2.363281
1740     6.960     2.377930
1741     6.964     2.368164
1742     6.968     2.377930
1743     6.972     2.363281
1744     6.976     2.373047
1745     6.980     2.358398
1746     6.984     2.343750
1747     6.988     2.368164
1748     6.992     2.402344
1749     6.996     2.416992
1750     7.000     2.407227
1751     7.004     2.397461
1752     7.008     2.368164
1753     7.012     2.358398
1754     7.016     2.324219
1755     7.020     2.338867
1756     7.024     2.368164
1757     7.028     2.412109
1758     7.032     2.460937
1759     7.036     2.460937
1760     7.040     2.426758
1761     7.044     2.363281
1762     7.048     2.373047
1763     7.052     2.343750
1764     7.056     2.343750
1765     7.060     2.319336
1766     7.064     2.368164
1767     7.068     2.412109
1768     7.072     2.436523
1769     7.076     2.397461
1770     7.080     2.363281
1771     7.084     2.363281
1772     7.088     2.353516
1773     7.092     2.358398
1774     7.096     2.348633
1775     7.100     2.392578
1776     7.104     2.421875
1777     7.108     2.441406
1778     7.112     2.460937
1779     7.116     2.451172
1780     7.120     2.392578
1781     7.124     2.402344
1782     7.128     2.338867
1783     7.132     2.333984
1784     7.136     2.324219
1785     7.140     2.329102
1786     7.144     2.363281
1787     7.148     2.373047
1788     7.152     2.397461
1789     7.156     2.382812
1790     7.160     2.397461
1791     7.164     2.421875
1792     7.168     2.446289
1793     7.172     2.465820
1794     7.176     2.465820
1795     7.180     2.407227
1796     7.184     2.392578
1797     7.188     2.329102
1798     7.192     2.319336
1799     7.196     2.329102
1800     7.200     2.358398
1801     7.204     2.377930
1802     7.208     2.416992
1803     7.212     2.446289
1804     7.216     2.451172
1805     7.220     2.436523
1806     7.224     2.426758
1807     7.228     2.392578
1808     7.232     2.343750
1809     7.236     2.338867
1810     7.240     2.358398
1811     7.244     2.368164
1812     7.248     2.397461
1813     7.252     2.416992
1814     7.256     2.431641
1815     7.260     2.431641
1816     7.264     2.392578
1817     7.268     2.348633
1818     7.272     2.358398
1819     7.276     2.368164
1820     7.280     2.387695
1821     7.284     2.436523
1822     7.288     2.475586
1823     7.292     2.465820
1824     7.296     2.470703
1825     7.300     2.397461
1826     7.304     2.333984
1827     7.308     2.314453
1828     7.312     2.333984
1829     7.316     2.338867
1830     7.320     2.373047
1831     7.324     2.407227
1832     7.328     2.436523
1833     7.332     2.431641
1834     7.336     2.426758
1835     7.340     2.587419
1836     7.344     2.324219
1837     7.348     2.280273
1838     7.352     2.309570
1839     7.356     2.343750
1840     7.360     2.382812
1841     7.364     2.421875
1842     7.368     2.451172
1843     7.372     2.441406
1844     7.376     2.436523
1845     7.380     2.402344
1846     7.384     2.343750
1847     7.388     2.304687
1848     7.392     2.285156
1849     7.396     2.290039
1850     7.400     2.319336
1851     7.404     2.333984
1852     7.408     2.373047
1853     7.412     2.397461
1854     7.416     2.436523
1855     7.420     2.412109
1856     7.424     2.421875
1857     7.428     2.446289
1858     7.432     2.465820
1859     7.436     2.412109
1860     7.440     2.363281
1861     7.444     2.329102
1862     7.448     2.319336
1863     7.452     2.285156
1864     7.456     2.309570
1865     7.460     2.368164
1866     7.464     2.460937
1867     7.468     2.504883
1868     7.472     2.543945
1869     7.476     2.460937
1870     7.480     2.421875
1871     7.484     2.333984
1872     7.488     2.314453
1873     7.492     2.290039
1874     7.496     2.299805
1875     7.500     2.387695
1876     7.504     2.451172
1877     7.508     2.485352
1878     7.512     2.126018
1879     7.516     2.416992
1880     7.520     2.358398
1881     7.524     2.338867
1882     7.528     2.329102
1883     7.532     2.280273
1884     7.536     2.358398
1885     7.540     2.407227
1886     7.544     2.436523
1887     7.548     2.407227
1888     7.552     2.441406
1889     7.556     2.446289
1890     7.560     2.495117
1891     7.564     2.500000
1892     7.568     2.456055
1893     7.572     2.382812
1894     7.576     2.329102
1895     7.580     2.348633
1896     7.584     2.348633
1897     7.588     2.319336
1898     7.592     2.348633
1899     7.596     2.402344
1900     7.600     2.431641
1901     7.604     2.402344
1902     7.608     2.373047
1903     7.612     2.353516
1904     7.616     2.377930
1905     7.620     2.382812
1906     7.624     2.377930
1907     7.628     2.363281
1908     7.632     2.407227
1909     7.636     2.397461
1910     7.640     2.407227
1911     7.644     2.392578
1912     7.648     2.373047
1913     7.652     2.402344
1914     7.656     2.416992
1915     7.660     2.426758
1916     7.664     2.392578
1917     7.668     2.373047
1918     7.672     2.397461
1919     7.676     2.416992
1920     7.680     2.387695
1921     7.684     2.387695
1922     7.688     2.392578
1923     7.692     2.373047
1924     7.696     2.338867
1925     7.700     2.304687
1926     7.704     2.329102
1927     7.708     2.353516
1928     7.712     2.368164
1929     7.716     2.358398
1930     7.720     2.358398
1931     7.724     2.387695
1932     7.728     2.407227
1933     7.732     2.421875
1934     7.736     2.421875
1935     7.740     2.421875
1936     7.744     2.397461
1937     7.748     2.348633
1938     7.752     2.304687
1939     7.756     2.309570
1940     7.760     2.314453
1941     7.764     2.368164
1942     7.768     2.387695
1943     7.772     2.412109
1944     7.776     2.416992
1945     7.780     2.416992
1946     7.784     2.436523
1947     7.788     2.402344
1948     7.792     2.373047
1949     7.796     2.348633
1950     7.800     2.304687
1951     7.804     2.333984
1952     7.808     2.363281
1953     7.812     2.387695
1954     7.816     2.402344
1955     7.820     2.426758
1956     7.824     2.441406
1957     7.828     2.407227
1958     7.832     2.373047
1959     7.836     2.353516
1960     7.840     2.329102
1961     7.844     2.377930
1962     7.848     2.416992
1963     7.852     2.416992
1964     7.856     2.416992
1965     7.860     2.431641
1966     7.864     2.446289
1967     7.868     2.373047
1968     7.872     2.304687
1969     7.876     2.275391
1970     7.880     2.265625
1971     7.884     2.314453
1972     7.888     2.319336
1973     7.892     2.382812
1974     7.896     2.392578
1975     7.900     2.412109
1976     7.904     2.407227
1977     7.908     2.130429
1978     7.912     2.333984
1979     7.916     2.319336
1980     7.920     2.353516
1981     7.924     2.363281
1982     7.928     2.358398
1983     7.932     2.348633
1984     7.936     2.353516
1985     7.940     2.377930
1986     7.944     2.377930
1987     7.948     2.377930
1988     7.952     2.382812
1989     7.956     2.407227
1990     7.960     2.387695
1991     7.964     2.387695
1992     7.968     2.382812
1993     7.972     2.348633
1994     7.976     2.329102
1995     7.980     2.338867
1996     7.984     2.348633
1997     7.988     2.348633
1998     7.992     2.338867
1999     7.996     2.348633